319 353 339 361 407 344 354 388 326 509 347 301 339 291 348 388 
267 339 267 344 328 328 220 266 298 363 255 207 234 287 303 296 
325 417 399 406 512 406 362 340 355 501 377 376 332 339 366 425 
234 357 334 382 356 357 287 289 316 491 293 281 335 287 242 319 
257 314 251 362 376 334 275 249 324 412 293 268 275 282 248 333 
270 430 339 375 367 404 357 296 353 504 360 330 346 343 271 333 
354 425 297 414 394 333 262 305 309 482 360 271 364 275 271 390 
204 343 258 330 375 281 297 288 259 434 247 297 317 294 262 335 
204 346 243 256 293 282 302 279 267 391 257 235 284 272 243 303 
234 260 186 265 237 268 213 166 232 279 223 191 207 219 167 255 
282 353 279 328 424 342 290 275 261 435 320 289 301 283 314 300 
277 274 245 284 315 308 209 278 235 393 265 141 269 214 310 291 
352 357 394 329 383 361 278 339 376 443 299 325 245 335 336 300 
215 227 263 279 259 249 184 243 291 321 193 198 175 229 217 248 
252 312 279 332 288 289 187 292 307 365 244 228 251 216 252 318 
298 355 305 444 424 394 293 320 371 499 341 299 345 304 311 373 
