301 342 211 322 254 377 392 331 291 306 316 323 374 277 265 286 
200 327 217 274 238 287 339 277 250 298 286 286 291 282 211 213 
377 352 306 448 305 520 467 451 272 393 375 462 415 388 367 383 
414 404 332 400 302 422 402 401 280 410 371 375 369 346 285 301 
218 341 251 376 270 367 310 402 297 384 357 375 333 348 331 320 
312 315 280 338 231 348 382 403 299 349 373 316 305 295 260 315 
281 352 268 301 267 387 353 384 265 376 322 380 294 366 304 305 
321 395 307 340 334 438 354 426 306 336 417 436 373 425 336 304 
263 297 169 258 200 326 284 323 244 228 337 311 298 295 247 226 
352 287 318 349 242 347 384 445 239 322 357 279 353 274 252 297 
366 384 348 384 258 355 444 475 296 337 407 362 364 400 304 373 
277 336 252 335 227 351 328 371 236 302 391 357 349 311 233 333 
403 437 293 355 302 458 430 421 386 456 453 421 436 430 339 311 
270 263 235 298 216 333 267 336 206 338 269 275 275 274 226 249 
178 238 244 288 240 288 250 286 202 329 217 278 242 268 266 226 
451 430 343 374 299 451 462 494 383 460 475 360 439 422 326 373 
