0 0 0 0 0 0 0 0 0 0 0 0 81 0 0 72 
0 0 72 0 0 0 0 0 0 0 0 0 0 0 0 0 
0 0 0 0 3 0 0 5 0 0 0 0 0 0 0 42 
0 0 0 0 0 0 0 0 0 0 0 0 0 0 0 63 
0 0 0 0 0 0 0 0 0 0 0 0 45 0 42 61 
0 0 0 0 0 0 0 0 0 0 0 0 0 0 0 21 
0 0 45 45 0 0 0 0 0 20 0 0 0 0 0 0 
0 0 0 0 0 0 0 0 0 0 0 0 0 0 0 0 
0 0 0 0 0 0 0 0 0 0 0 0 0 0 0 0 
12 0 92 12 40 0 0 0 8 0 0 8 0 0 0 36 
0 0 63 63 18 0 0 0 0 0 0 2 72 0 0 64 
0 0 27 27 9 0 0 15 0 0 0 0 0 0 0 0 
0 0 0 0 0 0 0 0 0 28 0 0 0 0 0 0 
6 0 14 6 0 0 0 0 4 0 0 4 63 0 0 74 
0 0 0 0 0 0 0 0 0 0 0 0 0 0 0 0 
0 0 0 0 0 0 0 0 0 0 0 0 0 0 0 35 
