35 0 0 45 25 0 0 0 0 0 0 0 0 0 0 0 
0 42 0 0 18 0 0 2 0 0 0 0 0 0 0 0 
0 0 42 9 0 0 0 0 0 0 0 23 0 4 0 0 
0 0 0 0 0 0 0 0 0 0 0 0 0 0 0 0 
0 0 0 0 0 0 0 0 0 0 0 0 0 0 0 0 
45 0 0 0 0 0 0 0 0 0 0 36 0 0 0 0 
20 0 0 0 0 0 0 0 0 0 0 16 0 0 0 0 
0 0 0 0 54 0 0 0 0 0 0 0 0 0 0 0 
0 0 0 0 0 0 0 0 0 0 0 10 0 0 0 0 
0 0 49 0 0 0 0 0 0 0 0 0 0 0 0 0 
35 7 0 0 0 0 0 0 0 0 0 28 0 0 0 0 
0 0 0 0 0 0 0 0 0 0 0 0 0 0 0 0 
0 0 0 0 0 0 0 0 0 0 0 10 0 0 0 0 
0 0 0 0 21 0 0 0 0 0 24 10 0 0 0 27 
0 0 0 0 27 0 0 0 0 0 0 0 0 0 0 0 
0 0 0 0 42 0 0 0 48 0 48 0 0 0 0 54 
