167 198 330 259 271 307 381 315 300 323 193 330 317 226 220 276 
199 243 281 233 174 296 270 207 220 274 240 313 279 209 218 213 
191 293 340 211 176 251 289 221 226 306 200 241 231 188 215 251 
283 242 365 351 299 428 363 383 327 373 254 396 347 227 327 336 
243 287 314 303 274 354 323 301 264 343 219 350 293 243 256 309 
285 306 409 293 243 463 425 398 353 412 268 354 269 274 242 286 
155 228 317 244 191 232 324 275 297 298 177 225 239 177 233 213 
225 228 305 289 255 355 327 318 367 394 226 345 263 200 254 286 
257 316 465 390 346 434 506 422 392 412 299 374 401 274 350 334 
360 362 416 281 307 455 445 441 340 454 351 407 326 339 328 283 
277 252 401 303 282 408 383 367 374 442 319 441 350 230 238 390 
260 286 414 285 300 352 425 346 303 358 299 337 331 265 305 263 
312 373 446 373 303 449 489 445 450 506 392 484 442 357 387 330 
244 285 361 338 243 406 373 350 342 377 276 351 272 249 249 284 
271 328 365 330 238 379 361 390 304 417 276 381 337 306 298 303 
176 188 309 240 292 231 314 244 294 341 224 266 273 138 249 260 
