19 14 14 22 16 20 14 12 18 19 17 18 17 12 15 12 15 16 19 18 8 17 18 15 19 12 18 12 18 21 18 17 15 12 18 16 14 17 10 18 7 17 18 18 18 16 18 15 15 11 17 18 14 21 18 20 19 17 19 19 18 12 22 16 
20 10 16 18 15 13 12 10 16 16 13 11 14 10 14 17 15 11 15 15 7 12 16 13 12 10 18 10 14 11 15 13 10 10 16 14 14 15 10 14 11 14 15 16 12 17 17 14 11 10 13 14 13 17 13 16 14 18 13 19 17 14 18 9 
14 13 15 14 10 14 11 9 16 14 12 13 14 12 11 15 14 15 9 13 6 13 15 11 13 10 16 13 15 15 12 13 10 11 15 14 12 16 14 10 11 12 14 11 11 18 11 11 17 14 11 15 9 17 10 14 15 15 14 15 14 11 16 11 
19 17 17 24 19 18 17 15 22 19 18 18 16 14 16 18 15 12 16 16 11 18 23 17 13 15 21 16 17 17 18 17 18 14 23 18 15 16 16 15 10 16 17 14 15 23 15 17 17 10 15 19 16 20 16 18 19 17 17 23 19 16 19 11 
23 18 23 25 21 20 19 14 22 21 22 20 19 18 23 20 19 19 15 23 14 21 22 16 20 15 27 18 21 21 25 18 16 15 27 24 20 17 19 21 16 18 25 23 19 25 17 22 21 15 15 24 22 22 16 19 18 22 20 25 22 16 25 17 
14 16 15 21 15 14 15 12 13 20 19 21 17 17 15 15 15 14 15 16 11 19 21 14 17 11 16 15 19 21 17 15 15 14 19 15 14 16 18 19 11 18 20 17 15 18 17 19 15 10 15 21 10 18 18 15 20 17 16 15 18 12 22 14 
25 15 18 21 19 17 13 19 17 22 20 19 17 20 19 17 18 19 18 16 9 18 19 16 20 9 24 15 17 16 18 21 20 13 23 17 17 19 18 19 15 19 23 20 17 17 17 17 20 18 16 20 20 19 21 20 21 20 15 24 22 17 23 13 
17 17 14 18 13 17 13 12 16 22 19 16 13 10 14 18 13 17 17 15 11 16 15 13 16 11 14 9 20 18 14 14 13 12 18 15 16 15 13 14 8 16 15 15 13 12 16 16 14 12 13 21 14 16 14 17 17 21 14 18 18 10 21 13 
23 15 18 21 16 17 21 15 22 21 17 17 13 13 15 22 18 17 19 19 12 16 20 18 21 17 20 12 18 18 18 15 17 17 22 18 20 14 16 20 8 22 20 18 20 20 18 15 15 15 15 21 15 20 17 23 18 18 17 24 20 12 22 14 
21 13 18 22 15 15 15 12 18 20 19 17 15 13 16 20 19 18 18 18 11 17 20 15 18 12 16 10 17 16 17 15 13 14 18 13 18 20 13 18 8 18 20 19 19 18 16 14 15 14 14 21 14 20 19 21 22 18 16 23 20 13 23 9 
21 16 18 25 20 16 16 14 18 21 20 20 17 15 26 19 14 19 20 19 11 17 18 18 20 14 23 19 21 18 21 21 16 14 24 15 14 21 15 20 13 18 24 20 20 18 17 17 19 15 18 20 13 21 15 16 18 19 18 20 22 16 21 18 
21 12 14 19 18 19 12 14 17 19 15 17 16 15 12 17 15 12 14 16 7 16 18 18 15 11 21 13 13 16 17 17 18 14 20 16 16 12 12 17 11 18 20 18 18 22 18 19 16 12 13 18 15 17 17 21 18 19 20 21 17 15 22 12 
20 12 15 21 15 14 12 8 17 19 16 15 12 16 16 16 16 14 19 19 8 19 18 16 18 13 23 12 17 17 19 17 17 13 19 17 16 18 19 20 13 20 18 16 17 17 18 18 15 16 17 21 17 20 19 18 19 17 17 19 19 17 19 14 
14 13 10 17 12 16 8 8 15 14 13 14 8 11 12 16 14 13 10 15 10 12 14 12 13 11 15 10 15 14 10 17 13 10 14 16 13 18 15 12 10 15 14 13 13 13 15 18 13 10 10 14 12 13 14 11 15 15 12 18 15 10 17 13 
17 15 18 22 15 15 14 11 15 20 16 19 12 13 15 19 14 14 17 17 11 19 17 13 15 13 16 12 15 15 20 13 14 16 20 18 14 20 16 18 14 19 17 17 14 19 18 19 18 14 16 20 14 20 16 16 19 17 19 23 18 17 21 12 
23 13 17 21 19 16 17 12 18 17 16 18 15 17 13 21 18 13 15 20 6 16 21 19 17 14 20 14 17 16 14 15 14 13 21 20 15 18 17 17 14 18 18 19 15 19 18 15 17 13 15 17 10 19 15 17 16 17 16 19 17 15 20 15 
20 21 23 23 22 21 18 14 18 22 21 22 17 17 14 16 17 15 16 21 12 17 20 19 16 14 21 13 18 18 20 18 19 11 23 19 15 18 17 19 14 17 21 25 18 18 18 19 19 14 14 23 18 21 18 19 19 16 19 20 19 17 25 14 
21 15 17 23 21 19 13 14 17 23 17 21 14 13 17 17 15 16 13 17 11 19 22 16 17 15 22 15 18 18 16 14 15 17 23 18 16 17 19 17 13 19 21 18 17 20 17 18 20 15 15 23 16 19 20 19 15 18 18 23 17 17 18 14 
21 17 18 21 18 19 20 15 22 17 19 15 14 17 16 19 18 16 16 19 11 19 22 20 19 18 23 15 22 22 19 17 17 15 22 18 14 15 19 19 14 19 19 18 17 20 18 19 16 14 14 21 16 18 16 16 18 16 16 24 17 15 21 11 
18 15 22 20 21 12 14 16 15 21 15 18 15 12 12 15 17 14 19 18 10 15 18 16 17 11 17 10 16 17 17 12 13 11 21 16 17 15 16 19 12 20 18 17 13 16 19 19 13 14 13 21 13 19 15 18 16 16 18 18 15 14 20 11 
18 18 19 25 20 21 17 15 21 20 20 20 17 19 16 20 19 17 18 18 11 22 25 18 21 17 21 18 21 21 18 21 15 15 21 19 19 20 22 18 13 18 20 16 20 22 17 19 17 13 19 25 17 23 21 23 22 16 16 21 23 14 26 15 
21 16 19 21 18 21 17 14 21 22 18 17 20 17 21 16 19 19 17 17 14 19 19 18 19 15 23 18 20 21 21 19 16 14 22 17 17 17 17 18 11 17 22 20 19 24 17 18 18 12 13 25 18 24 18 20 21 19 15 22 18 12 27 15 
20 16 16 18 16 15 13 10 15 17 17 20 18 16 16 17 19 13 14 21 8 16 18 16 17 15 19 15 16 17 15 16 17 14 21 16 13 18 17 12 14 18 18 17 13 19 19 18 18 17 15 20 13 15 15 16 15 17 18 21 18 12 17 15 
20 12 17 21 19 16 13 13 18 21 19 19 15 14 17 15 14 18 15 18 12 16 16 16 18 11 20 13 17 16 15 20 19 10 26 16 16 19 20 16 14 21 23 17 18 16 14 21 18 14 10 19 15 15 16 19 18 20 14 16 17 14 24 15 
19 14 14 18 16 14 14 13 12 22 15 15 15 18 16 20 15 18 15 15 9 19 18 17 16 11 23 12 20 18 16 17 15 11 22 16 14 13 17 18 11 16 21 17 16 17 16 14 16 13 15 24 15 19 17 16 16 20 15 19 17 16 24 12 
15 8 13 14 17 12 16 7 11 19 14 17 12 16 14 13 15 13 7 18 10 14 16 14 12 6 18 10 16 14 15 16 14 12 21 15 13 13 14 13 12 15 16 17 14 18 13 14 15 13 11 14 12 15 15 15 16 17 14 17 14 11 20 16 
18 17 17 22 16 16 15 14 17 16 23 24 19 18 18 18 19 15 17 16 10 18 20 15 19 12 22 18 16 20 22 17 15 15 20 16 14 16 17 19 11 20 17 18 21 19 18 12 17 15 15 19 15 20 18 20 21 17 15 19 20 12 22 16 
20 12 15 19 18 15 10 7 15 17 14 14 11 15 15 13 12 15 12 17 10 19 16 15 17 9 19 11 17 17 16 13 12 14 20 15 13 16 17 17 13 15 18 17 14 15 17 17 17 14 16 18 15 17 12 16 13 19 17 20 13 16 18 13 
19 17 18 19 18 16 16 16 19 20 19 18 20 16 18 16 18 16 15 17 8 17 20 16 18 10 22 14 16 17 21 18 16 14 20 16 14 15 16 17 11 16 22 20 14 16 15 14 18 14 20 22 15 21 14 17 21 15 18 21 18 11 19 14 
22 13 15 20 18 18 13 12 15 19 14 18 13 15 16 19 18 16 18 18 10 17 21 19 18 12 19 13 17 16 17 17 16 13 20 18 15 20 15 17 10 19 17 19 19 17 18 16 13 16 18 20 15 18 18 20 15 20 19 22 20 16 22 15 
20 16 17 22 19 17 17 16 20 19 15 19 20 16 18 20 20 15 17 21 14 20 19 19 19 17 20 16 17 22 22 20 18 17 21 20 19 17 19 20 11 26 23 18 19 20 22 20 21 18 15 25 14 20 20 23 21 20 18 21 19 11 24 18 
23 13 20 20 22 15 15 17 14 21 21 18 15 18 17 15 16 20 20 20 8 21 18 18 19 10 21 11 20 19 18 17 15 14 23 16 20 15 18 22 10 21 22 22 18 18 20 15 18 19 15 22 15 21 16 22 18 17 15 22 18 14 22 12 
22 16 18 26 17 16 16 13 18 21 21 18 16 20 15 21 16 16 17 19 11 20 19 16 19 14 18 14 22 19 15 19 16 12 23 20 20 17 18 22 13 22 22 19 17 17 16 18 18 16 16 22 16 19 19 21 18 20 16 23 20 16 22 13 
16 11 16 17 10 10 11 11 16 21 18 12 10 13 13 12 9 16 16 15 8 11 11 10 16 11 12 9 17 11 11 10 11 9 17 9 13 14 13 16 10 12 16 13 13 11 12 14 11 11 14 18 13 18 14 13 15 11 9 16 18 11 16 8 
25 17 20 25 21 22 15 16 21 20 21 21 19 17 19 20 20 20 21 21 13 21 22 19 24 13 23 15 22 26 22 22 17 11 22 21 20 17 18 22 12 22 25 23 18 23 21 22 16 15 14 23 17 20 20 18 21 23 19 22 20 17 27 17 
20 13 15 18 17 18 11 14 15 13 14 15 14 15 12 15 14 15 12 18 7 19 21 12 13 10 17 11 17 17 15 17 12 15 16 19 19 12 15 17 10 14 18 12 10 17 15 16 19 15 16 16 11 20 15 20 18 17 17 21 15 13 14 11 
16 15 18 22 18 18 15 12 18 24 19 20 14 18 16 19 18 17 17 17 9 16 19 19 20 11 19 14 23 19 18 18 13 12 21 18 16 15 15 18 12 17 18 20 17 21 17 12 16 19 14 22 14 22 17 16 21 15 20 23 23 11 23 17 
23 14 18 24 19 14 18 17 21 18 18 20 14 16 15 23 19 17 17 19 11 16 22 19 17 16 26 16 20 16 17 15 17 15 24 21 17 16 19 22 13 21 22 16 16 18 17 17 18 18 13 21 16 22 16 19 20 20 15 25 16 15 20 13 
13 17 14 18 14 14 11 11 16 16 13 17 18 17 14 16 16 10 12 12 10 16 17 14 12 11 17 13 15 17 16 14 12 11 14 18 15 12 13 12 10 14 16 14 9 19 12 14 17 13 13 22 15 16 18 16 16 17 14 17 16 14 19 11 
19 12 16 16 16 15 12 10 17 21 16 17 11 14 14 16 13 15 14 13 14 10 14 16 16 12 19 12 14 13 12 14 16 9 20 14 12 14 16 15 9 19 19 18 16 14 15 12 14 15 11 18 16 13 14 14 15 13 16 17 14 10 20 15 
16 11 19 20 16 12 14 12 13 15 16 16 12 13 14 14 12 12 16 15 7 16 18 13 15 10 15 13 15 13 15 16 14 10 22 14 18 15 16 16 10 15 18 15 14 17 11 17 13 12 9 17 9 15 13 16 16 15 12 15 17 12 19 9 
22 17 19 23 20 18 16 13 20 22 18 17 18 13 17 18 17 17 17 19 11 16 16 17 20 12 23 15 21 18 19 16 15 11 26 19 18 14 16 19 13 18 20 23 14 21 20 17 17 14 15 22 16 20 13 19 17 21 19 20 15 11 24 14 
22 15 14 23 17 16 15 15 20 16 17 15 14 13 18 20 16 15 17 17 10 17 13 17 20 13 18 16 15 17 17 20 15 14 22 20 17 17 17 17 11 17 17 16 15 17 17 15 16 14 16 16 13 16 13 16 15 17 15 22 15 11 20 15 
18 15 16 19 18 15 11 12 16 21 14 17 13 12 13 16 11 14 15 16 13 12 17 15 14 14 19 10 17 14 15 15 14 10 18 14 14 13 14 21 9 20 20 15 15 13 18 17 16 14 12 21 14 18 11 15 18 15 17 20 16 10 19 14 
18 15 16 20 22 19 13 17 22 21 19 22 12 17 13 17 21 12 15 17 11 17 21 18 13 12 22 13 19 15 15 13 17 14 21 17 19 16 16 16 8 19 18 16 17 18 18 16 16 12 13 21 17 21 18 17 21 14 12 21 17 13 19 10 
21 14 17 21 16 18 14 11 15 19 14 17 14 16 13 15 16 15 12 19 12 17 17 15 14 12 16 14 16 20 14 15 17 13 21 20 17 13 17 17 11 20 19 17 14 20 16 20 15 14 11 18 13 19 18 18 16 19 13 21 15 14 19 14 
21 16 19 20 15 18 14 14 20 19 18 19 12 12 16 19 15 15 14 16 10 15 16 12 17 13 21 14 16 17 15 13 15 12 19 14 15 13 15 18 11 17 19 18 16 16 15 19 14 13 10 19 18 16 14 14 16 17 11 21 17 11 20 12 
17 14 17 17 16 14 11 12 19 15 13 14 13 13 14 14 14 13 15 11 10 13 19 14 17 11 20 12 14 17 15 12 11 14 12 10 12 13 13 17 8 17 17 15 14 16 13 11 15 15 12 20 13 17 14 16 19 12 15 17 17 10 19 11 
25 14 20 24 18 21 17 17 23 21 18 23 20 17 16 17 16 19 18 15 12 18 21 19 21 15 22 15 17 18 18 20 18 16 23 19 17 16 19 21 11 21 25 19 18 18 15 16 20 17 16 23 15 21 21 22 21 18 22 22 17 15 23 17 
17 13 15 21 16 14 14 13 19 18 14 18 16 16 16 16 18 13 18 14 8 14 21 17 21 12 19 14 17 16 17 16 14 11 20 15 13 16 15 15 11 17 21 16 16 16 16 15 14 10 16 19 12 18 17 17 20 15 13 17 21 14 19 11 
19 20 17 23 20 19 13 17 17 19 18 22 19 18 17 17 18 17 18 16 14 17 27 19 18 16 21 17 19 20 19 18 14 15 17 15 17 18 18 21 11 19 20 18 19 17 22 16 17 15 17 23 17 20 19 20 20 16 16 21 20 14 21 12 
24 16 21 19 18 19 18 16 21 22 22 16 17 20 18 17 15 22 19 21 10 15 20 19 17 16 20 13 19 18 15 20 16 15 23 14 21 18 17 20 14 17 23 20 17 18 18 18 18 17 15 23 16 23 13 22 23 16 16 22 16 11 24 14 
11 8 11 16 13 13 10 12 12 11 9 10 8 9 8 9 10 11 8 11 5 13 11 7 10 10 12 10 12 13 8 11 9 10 11 11 12 9 9 14 8 13 10 10 9 15 11 11 12 10 5 13 9 12 13 14 10 12 11 15 6 7 15 10 
19 17 15 21 15 19 16 12 17 18 18 19 8 14 13 14 17 16 16 18 10 19 18 14 20 12 19 10 18 18 18 13 16 15 19 18 16 15 16 20 12 20 18 18 16 13 18 17 15 13 14 18 15 19 18 18 18 15 13 20 18 15 15 13 
16 15 15 16 14 15 11 10 12 19 18 17 15 14 14 17 14 14 10 14 8 12 14 12 14 9 20 11 15 17 13 16 16 9 20 15 11 11 16 14 11 17 18 17 13 15 13 12 16 15 12 20 14 16 14 17 14 18 13 18 15 9 19 14 
16 15 14 21 19 17 11 14 17 20 18 21 13 17 13 14 17 15 15 18 10 16 16 13 18 9 13 12 16 19 11 17 16 9 21 17 19 15 13 16 10 19 21 15 15 15 13 17 19 13 13 17 14 12 17 21 15 18 13 17 14 12 18 12 
16 12 11 20 15 17 10 13 11 14 15 14 14 13 11 15 12 13 11 16 4 16 14 10 10 15 17 12 15 13 12 14 12 11 16 15 14 11 12 17 10 13 18 12 15 13 14 15 16 9 13 15 10 18 16 19 13 13 14 16 14 12 14 8 
22 16 18 21 14 18 16 13 16 19 20 22 16 16 17 19 16 15 17 17 10 18 19 16 20 10 21 15 21 19 19 18 17 13 21 17 16 14 17 21 10 17 20 21 17 15 16 16 18 15 17 21 11 19 19 16 20 19 14 20 20 15 20 13 
23 16 17 24 19 18 16 15 22 21 16 18 14 15 15 19 21 19 21 21 12 20 23 17 23 15 22 11 20 20 18 15 19 14 22 20 21 16 16 20 9 22 22 17 17 20 17 18 17 15 14 22 18 23 19 22 20 20 17 22 21 15 22 13 
23 19 18 25 20 22 16 19 21 23 24 25 18 18 21 21 19 19 19 17 13 18 21 20 20 16 24 18 19 18 21 22 17 15 23 18 17 20 15 21 13 22 25 19 22 19 21 18 16 14 19 23 19 21 20 21 21 17 17 25 22 17 23 15 
23 13 17 19 19 17 14 14 14 19 19 15 14 18 15 19 16 18 12 21 13 17 19 17 12 14 18 12 19 18 16 16 15 12 21 19 17 14 17 19 13 20 21 18 15 19 21 16 18 17 11 20 14 19 18 18 18 18 16 23 15 15 17 12 
23 16 17 22 19 22 19 20 22 21 19 18 18 16 16 20 21 16 20 19 12 19 23 18 19 13 22 16 20 20 21 21 21 13 24 17 21 16 15 22 11 20 23 17 21 22 19 21 16 11 13 17 16 18 18 22 24 23 17 23 18 11 28 14 
18 15 13 19 17 16 13 13 21 21 17 18 15 15 18 21 21 18 16 17 11 20 17 16 19 12 20 15 15 20 20 17 14 14 19 19 19 20 18 16 9 21 22 17 17 20 19 14 18 14 19 23 14 19 17 19 19 19 13 21 15 14 21 14 
22 22 22 27 22 17 17 18 18 25 18 23 19 17 15 21 18 16 18 20 11 21 22 17 20 16 19 14 19 20 19 19 18 19 23 21 19 15 20 22 14 21 22 21 15 17 19 19 22 20 20 24 17 22 22 24 19 20 22 26 22 17 22 14 
