900 1006 985 980 1069 914 767 1093 884 1015 1010 955 1084 1010 991 950 978 1055 970 938 910 1170 956 987 1066 1024 826 876 993 955 862 807 1035 886 886 982 891 1028 1064 1024 1014 1024 1029 870 1038 977 1066 916 890 813 974 1175 1110 774 892 1036 952 987 966 1099 1025 815 1053 1022 
1494 1547 1324 1647 1549 1438 1398 1537 1280 1386 1779 1603 1669 1706 1569 1464 1552 1681 1404 1459 1792 1865 1714 1451 1549 1667 1432 1324 1675 1626 1518 1246 1448 1393 1536 1477 1438 1603 1550 1468 1619 1539 1542 1437 1532 1423 1593 1553 1363 1321 1496 1755 1715 1159 1516 1599 1584 1375 1603 1589 1561 1415 1623 1484 
1490 1541 1387 1495 1604 1445 1258 1648 1291 1413 1620 1458 1785 1527 1420 1513 1555 1626 1451 1491 1568 1934 1689 1599 1480 1625 1414 1442 1654 1646 1410 1292 1588 1486 1363 1470 1389 1532 1526 1493 1488 1590 1635 1532 1528 1556 1582 1580 1383 1311 1599 1761 1692 1090 1337 1510 1620 1495 1589 1657 1558 1408 1621 1583 
1391 1275 1086 1522 1521 1322 1137 1402 1223 1282 1622 1440 1407 1512 1255 1450 1345 1465 1470 1289 1484 1670 1434 1207 1315 1465 1309 1411 1470 1317 1231 1264 1481 1286 1288 1492 1210 1469 1422 1339 1309 1437 1512 1193 1315 1502 1349 1321 1227 1216 1382 1709 1464 1117 1335 1441 1484 1209 1367 1506 1375 1107 1399 1424 
1187 1283 1126 1406 1391 1259 1065 1332 1180 1238 1329 1155 1312 1283 1352 1351 1174 1352 1181 1243 1394 1608 1455 1176 1277 1274 1184 1202 1382 1354 1230 1147 1316 1223 1303 1304 1126 1507 1460 1257 1176 1340 1542 1281 1326 1319 1417 1265 1156 1269 1359 1555 1509 1094 1208 1446 1435 1295 1190 1406 1257 1301 1282 1476 
1338 1323 1177 1544 1459 1334 1152 1497 1227 1321 1512 1183 1508 1383 1368 1360 1504 1557 1338 1202 1436 1682 1467 1299 1297 1519 1292 1301 1355 1354 1259 1210 1335 1285 1468 1317 1222 1523 1489 1294 1343 1461 1347 1128 1272 1382 1459 1427 1142 1273 1303 1596 1508 1003 1279 1426 1445 1236 1309 1462 1380 1263 1444 1532 
1362 1221 1295 1462 1538 1426 1246 1464 1232 1279 1567 1424 1495 1482 1311 1317 1382 1570 1408 1338 1517 1795 1505 1301 1366 1460 1295 1337 1501 1443 1315 1217 1437 1279 1478 1506 1204 1353 1450 1361 1371 1521 1558 1326 1406 1506 1520 1363 1201 1261 1358 1605 1575 1034 1236 1466 1578 1225 1345 1395 1405 1229 1414 1520 
986 1067 861 1275 1185 1066 909 1235 1009 1054 1199 1011 1180 1126 1097 1020 1208 1105 986 1146 1132 1289 1220 1115 1093 1205 1057 1061 1158 1162 1048 1099 1101 971 1086 1018 1029 1245 1140 1113 1033 1218 1133 958 1071 1057 1195 1099 1065 1072 1120 1287 1273 904 1104 1231 1163 1081 1008 1153 1137 991 1234 1202 
1344 1265 1230 1501 1616 1314 1187 1465 1269 1367 1584 1341 1562 1495 1316 1438 1469 1516 1417 1218 1471 1733 1483 1238 1467 1414 1398 1298 1546 1369 1365 1125 1417 1340 1379 1528 1339 1355 1501 1420 1342 1462 1536 1276 1368 1500 1564 1412 1295 1313 1532 1662 1522 1198 1381 1612 1576 1409 1421 1576 1329 1305 1529 1621 
1389 1380 1217 1427 1453 1345 1321 1363 1150 1363 1579 1290 1542 1508 1362 1515 1362 1591 1317 1241 1537 1600 1592 1283 1534 1567 1326 1192 1484 1466 1304 1152 1406 1350 1356 1284 1304 1455 1450 1290 1392 1424 1538 1220 1388 1273 1451 1379 1255 1298 1446 1665 1441 1141 1367 1568 1511 1144 1478 1559 1469 1347 1606 1400 
1422 1511 1344 1625 1638 1483 1264 1491 1252 1330 1689 1407 1695 1501 1519 1507 1379 1654 1393 1316 1587 1755 1643 1234 1531 1598 1409 1251 1486 1393 1394 1273 1443 1326 1390 1482 1322 1583 1557 1475 1506 1486 1574 1263 1544 1589 1640 1408 1306 1395 1483 1811 1710 1245 1450 1710 1460 1436 1508 1715 1424 1295 1554 1545 
1080 1135 1007 1270 1224 1125 1056 1217 938 1125 1359 1048 1288 1310 1273 1214 1206 1311 1076 1120 1321 1443 1279 1146 1185 1373 1188 1039 1313 1178 1077 1008 1288 1142 1177 1096 1092 1242 1148 1101 1121 1249 1172 1074 1233 1158 1255 1100 1086 1071 1280 1482 1311 909 1171 1418 1208 1017 1234 1398 1257 1050 1226 1199 
998 1129 987 1192 1234 1121 937 1223 1001 993 1276 933 1172 1198 1219 1205 1151 1278 1088 1091 1276 1323 1295 1056 1178 1221 1015 1122 1152 1218 1005 1050 1140 978 1010 1216 952 1255 1199 1095 1099 1132 1194 1013 1161 1044 1312 1039 1044 1031 1149 1303 1306 872 1125 1333 1137 1004 1144 1189 1158 1051 1142 1016 
928 1102 942 1134 956 1003 862 924 907 894 1015 842 1043 1082 1070 960 822 1116 932 1031 1100 1238 979 1063 974 1002 796 1032 1124 1175 898 957 1054 756 1041 1044 985 986 993 952 920 996 1047 927 889 993 1099 967 953 956 1082 1240 1009 713 926 1164 911 1021 1039 1184 962 900 985 946 
1385 1250 1106 1421 1345 1223 1244 1410 1164 1304 1453 1351 1440 1457 1294 1290 1376 1447 1221 1257 1458 1598 1380 1293 1315 1367 1233 1206 1450 1321 1147 1179 1369 1341 1338 1318 1150 1366 1404 1274 1405 1363 1383 1192 1277 1390 1255 1328 1333 1191 1335 1652 1390 979 1282 1433 1501 1289 1416 1462 1241 1259 1427 1459 
1158 1225 1066 1325 1334 1069 943 1132 1087 1011 1230 1116 1211 1326 1100 1184 1142 1216 1066 1088 1263 1427 1197 1104 1092 1240 993 1098 1136 1256 1028 1046 1263 1084 1076 1167 1087 1222 1276 1078 1204 1146 1228 1026 1192 1309 1242 1127 1021 1068 1182 1375 1231 834 1165 1265 1197 1122 1229 1235 1226 1028 1226 1213 
1401 1474 1211 1616 1591 1424 1300 1494 1330 1386 1621 1356 1572 1437 1352 1536 1448 1613 1499 1274 1545 1724 1638 1291 1372 1525 1365 1384 1607 1435 1381 1146 1415 1280 1372 1327 1339 1518 1511 1444 1308 1447 1522 1290 1349 1294 1500 1588 1266 1368 1426 1678 1505 1236 1421 1546 1445 1351 1539 1660 1411 1386 1542 1552 
1265 1239 1098 1294 1261 1102 975 1344 1051 1080 1270 1081 1217 1305 1107 1082 1085 1250 1133 1141 1371 1310 1296 1189 1175 1216 1043 1248 1216 1277 1152 1080 1340 1103 1168 1253 1098 1250 1201 1155 1090 1161 1291 1139 1029 1223 1320 1135 1174 1109 1284 1481 1377 836 1113 1307 1280 1089 1299 1290 1260 1072 1167 1262 
1128 1322 1117 1307 1340 1124 1120 1180 1088 1210 1536 1172 1278 1304 1266 1298 1180 1333 1199 1245 1368 1467 1422 1075 1172 1374 1136 1084 1291 1235 1058 1045 1246 1130 1167 1274 1079 1383 1278 1169 1179 1293 1346 1204 1237 1228 1238 1143 1077 1066 1196 1453 1364 1016 1316 1373 1319 1163 1286 1503 1180 1301 1354 1322 
1156 1244 1123 1315 1294 1106 1025 1206 1130 1094 1285 1230 1263 1380 1228 1198 1257 1296 1046 1254 1423 1579 1228 1123 1156 1430 1161 1138 1311 1173 1146 1147 1341 1140 1261 1228 1285 1243 1338 1108 1123 1268 1264 1106 1288 1269 1236 1162 1083 1011 1115 1487 1471 911 1148 1393 1332 1069 1241 1336 1306 1064 1285 1334 
1237 1220 1114 1337 1369 1237 1134 1374 1022 1163 1415 1149 1364 1330 1224 1227 1205 1385 1264 1238 1323 1366 1423 1066 1279 1322 1216 1277 1331 1332 1237 1196 1197 1126 1345 1286 1144 1268 1256 1293 1105 1281 1417 1071 1156 1302 1358 1312 1067 1310 1194 1500 1443 1092 1116 1356 1413 1114 1342 1351 1244 1016 1297 1395 
1499 1290 1284 1574 1604 1456 1234 1511 1241 1298 1596 1373 1486 1476 1300 1375 1489 1685 1394 1278 1562 1742 1462 1374 1514 1546 1344 1430 1457 1345 1287 1164 1514 1289 1486 1526 1294 1421 1568 1489 1357 1572 1429 1306 1384 1494 1516 1442 1398 1421 1497 1770 1527 1051 1456 1582 1538 1398 1451 1579 1367 1226 1425 1593 
1241 1209 1013 1365 1247 1372 1071 1276 1144 1136 1276 1128 1339 1334 1279 1278 1287 1429 1164 1167 1289 1448 1349 1315 1209 1439 1071 1086 1298 1295 1267 1068 1352 1146 1245 1180 1145 1369 1313 1296 1195 1280 1312 1136 1156 1218 1191 1188 1244 1157 1327 1452 1420 1065 1249 1479 1276 1288 1330 1399 1347 1293 1318 1274 
1223 1315 1199 1395 1264 1324 1089 1379 1162 1219 1521 1363 1408 1425 1222 1365 1240 1466 1294 1141 1408 1619 1516 1225 1282 1474 1166 1282 1331 1360 1224 1120 1444 1190 1130 1490 1170 1247 1458 1212 1273 1288 1461 1266 1411 1389 1373 1233 1126 1112 1401 1614 1552 911 1317 1437 1323 1280 1412 1429 1412 1223 1284 1342 
1190 1240 1016 1331 1327 1302 1066 1258 1069 1214 1426 1218 1375 1265 1378 1243 1187 1350 1266 1178 1246 1519 1444 1303 1308 1346 1181 1216 1396 1254 1236 1130 1286 1180 1299 1277 1122 1365 1305 1353 1214 1321 1334 1223 1185 1245 1385 1329 1192 1171 1374 1555 1487 1052 1177 1290 1233 1065 1413 1510 1315 1107 1233 1351 
1334 1287 1159 1529 1420 1313 1191 1385 1212 1167 1482 1347 1499 1529 1344 1429 1273 1311 1167 1135 1432 1655 1372 1217 1333 1369 1247 1143 1351 1392 1260 1263 1352 1258 1192 1356 1166 1269 1278 1330 1277 1317 1439 1240 1350 1472 1327 1169 1135 1254 1363 1655 1556 1198 1195 1625 1292 1356 1452 1474 1387 1116 1343 1266 
1604 1575 1287 1704 1646 1499 1339 1578 1341 1485 1788 1611 1652 1636 1578 1619 1510 1676 1491 1382 1599 1798 1684 1433 1525 1597 1422 1400 1706 1645 1407 1347 1576 1434 1457 1691 1305 1611 1650 1542 1589 1600 1571 1505 1563 1651 1559 1513 1347 1403 1637 1799 1752 1311 1575 1679 1608 1618 1642 1677 1423 1405 1652 1606 
1211 1117 1059 1383 1293 1233 1058 1258 1233 1173 1183 1208 1148 1263 1085 1228 1103 1267 1165 1167 1276 1506 1256 1037 1212 1174 1055 1049 1208 1097 1128 1018 1288 1096 1217 1280 1023 1224 1298 1096 1193 1263 1369 1096 1186 1161 1308 1311 996 1066 1300 1432 1383 998 1129 1328 1295 1083 1258 1238 1138 1071 1184 1267 
1088 1233 1204 1316 1309 1166 1045 1279 1137 1126 1376 1106 1344 1268 1251 1336 1278 1468 1166 1147 1226 1516 1427 1082 1232 1407 1094 1266 1217 1275 1151 1172 1231 1059 1134 1304 1167 1305 1452 1161 1142 1348 1370 997 1272 1308 1300 1132 990 1268 1231 1523 1397 905 1252 1356 1362 1277 1158 1315 1193 1121 1243 1376 
1240 1258 975 1346 1286 1178 977 1218 1075 1032 1285 1144 1215 1383 1155 1283 1240 1148 1140 1183 1363 1350 1219 1170 1161 1241 1016 1129 1154 1128 1115 1064 1420 1182 1101 1059 1031 1260 1211 1077 1159 1185 1155 1114 1085 1238 1156 1285 1112 931 1230 1403 1307 958 1142 1271 1226 1086 1318 1294 1207 1176 1215 1223 
1145 1187 995 1328 1193 1081 981 1201 1056 1156 1308 998 1161 1282 1151 1203 1052 1255 1073 1088 1227 1239 1346 1235 1197 1185 1017 1118 1234 1348 1141 1169 1279 1066 1195 1116 1079 1310 1201 1109 1043 1211 1229 1115 1083 1141 1256 1113 1101 1133 1265 1461 1221 892 1278 1356 1155 1071 1189 1235 1236 1117 1224 1230 
1326 1238 1106 1492 1416 1359 1060 1274 1204 1183 1421 1287 1358 1327 1291 1287 1306 1490 1241 1165 1409 1500 1460 1227 1338 1396 1167 1271 1388 1434 1315 1191 1377 1148 1346 1327 1125 1315 1463 1223 1210 1349 1389 1151 1235 1386 1397 1296 1221 1218 1377 1563 1421 1017 1192 1410 1353 1198 1329 1419 1316 1265 1300 1394 
1411 1340 1259 1657 1658 1430 1298 1613 1349 1278 1535 1460 1516 1575 1399 1430 1468 1563 1398 1321 1636 1639 1613 1352 1454 1511 1320 1369 1480 1441 1328 1321 1499 1390 1359 1440 1184 1521 1449 1407 1414 1503 1619 1340 1301 1478 1593 1362 1291 1315 1518 1714 1634 1196 1396 1594 1461 1310 1523 1559 1453 1255 1395 1457 
1296 1321 1255 1338 1342 1324 988 1369 1219 1238 1399 1155 1367 1379 1219 1233 1253 1464 1236 1260 1234 1643 1333 1178 1219 1443 1113 1178 1243 1226 1223 1132 1476 1213 1299 1286 1221 1340 1444 1188 1253 1373 1453 1145 1348 1399 1341 1281 1117 1153 1377 1545 1531 872 1261 1390 1374 1207 1289 1430 1411 1160 1320 1437 
1160 1238 1018 1286 1216 1248 1050 1184 971 1162 1228 1096 1317 1265 1298 1226 1029 1258 1115 986 1175 1456 1275 1080 1148 1199 1076 980 1065 1253 1144 1030 1201 1121 1212 1158 937 1353 1224 1247 1316 1219 1208 1120 1161 1285 1302 1165 1022 1041 1365 1455 1440 1061 1209 1318 1146 1282 1291 1387 1248 1123 1314 1339 
1280 1201 1015 1458 1383 1216 1003 1364 1199 1224 1467 1278 1371 1441 1229 1421 1313 1342 1231 1198 1296 1500 1421 1126 1218 1238 1285 1242 1315 1213 1392 1174 1377 1260 1174 1388 1195 1398 1319 1301 1132 1368 1310 1170 1212 1342 1282 1338 1200 1057 1275 1504 1495 1128 1317 1403 1358 1271 1372 1409 1184 1229 1354 1406 
1408 1259 1018 1461 1344 1387 1224 1429 1196 1269 1498 1368 1438 1544 1291 1441 1322 1431 1281 1224 1518 1607 1492 1209 1271 1427 1195 1113 1282 1339 1330 1037 1430 1291 1267 1277 1066 1372 1323 1170 1370 1302 1411 1218 1316 1328 1280 1400 1143 1125 1391 1606 1536 1090 1191 1444 1442 1203 1431 1364 1460 1263 1366 1310 
1216 1361 1106 1540 1347 1131 1129 1388 1251 1223 1546 1318 1309 1499 1398 1316 1395 1376 1219 1234 1529 1490 1391 1196 1352 1407 1236 1192 1417 1333 1163 1240 1255 1297 1416 1453 1289 1495 1455 1223 1387 1382 1325 1177 1247 1435 1378 1318 1227 1173 1221 1700 1470 1055 1398 1386 1327 1229 1222 1421 1193 1248 1408 1357 
1265 1336 1161 1424 1333 1176 1121 1300 1179 1149 1305 1192 1405 1464 1250 1205 1271 1379 1115 1221 1358 1522 1414 1257 1261 1410 1169 1158 1356 1308 1195 1061 1291 1099 1265 1217 1230 1302 1335 1321 1280 1361 1347 1177 1219 1306 1358 1279 1124 1172 1362 1470 1409 950 1234 1427 1186 1385 1330 1510 1256 1269 1347 1395 
1460 1473 1316 1690 1566 1425 1293 1496 1465 1385 1646 1429 1561 1626 1621 1503 1346 1602 1414 1307 1647 1632 1709 1252 1523 1596 1366 1344 1542 1511 1440 1260 1540 1406 1403 1560 1333 1542 1568 1422 1458 1369 1486 1280 1390 1541 1461 1359 1365 1451 1419 1808 1779 1225 1465 1742 1574 1387 1479 1558 1358 1454 1472 1406 
1274 1366 1149 1433 1519 1250 1167 1288 1191 1268 1577 1295 1435 1457 1317 1282 1312 1362 1300 1193 1319 1471 1405 1224 1301 1440 1228 1207 1451 1499 1231 1249 1412 1160 1403 1450 1240 1230 1253 1220 1257 1329 1376 1120 1151 1538 1443 1176 1067 1322 1434 1533 1422 1049 1249 1551 1393 1305 1420 1465 1289 1208 1411 1470 
1407 1319 1156 1466 1400 1298 1091 1378 1200 1188 1354 1420 1495 1353 1258 1198 1365 1466 1309 1252 1419 1596 1375 1221 1288 1393 1229 1368 1355 1406 1197 1168 1378 1184 1171 1398 1152 1300 1548 1374 1383 1332 1371 1207 1284 1373 1442 1338 1223 1180 1427 1504 1496 1072 1225 1347 1456 1291 1323 1407 1188 1254 1495 1481 
1468 1331 1197 1583 1553 1466 1254 1450 1355 1293 1467 1364 1487 1537 1443 1466 1359 1583 1327 1250 1474 1697 1609 1258 1431 1463 1263 1268 1465 1479 1388 1255 1461 1391 1401 1520 1324 1446 1430 1419 1386 1406 1654 1226 1430 1450 1484 1483 1314 1304 1433 1657 1616 1180 1378 1500 1422 1361 1536 1428 1499 1202 1445 1506 
1004 1167 1057 1220 1270 1050 1105 1266 1068 1235 1418 1203 1283 1285 1271 1182 1188 1402 1226 1157 1295 1523 1388 1126 1124 1293 1111 1127 1257 1294 1079 1022 1161 1151 1178 1297 1161 1341 1123 1075 1210 1212 1292 1112 1223 1129 1252 1106 1094 1084 1144 1444 1258 859 1281 1314 1268 1139 1284 1408 1255 1199 1245 1384 
1330 1265 1016 1440 1359 1386 1089 1422 1153 1337 1465 1286 1507 1351 1268 1324 1300 1321 1227 1115 1396 1449 1461 1233 1285 1339 1187 1178 1391 1395 1254 1134 1391 1164 1213 1344 1036 1282 1340 1310 1302 1225 1403 1176 1379 1391 1502 1226 1143 1226 1465 1589 1454 1136 1154 1532 1301 1250 1468 1569 1378 1200 1445 1449 
1359 1376 1237 1565 1393 1437 1198 1435 1175 1260 1500 1168 1512 1476 1380 1445 1390 1574 1319 1248 1483 1595 1577 1252 1489 1487 1198 1304 1398 1373 1357 1171 1370 1230 1343 1428 1285 1365 1382 1295 1316 1460 1482 1254 1377 1358 1530 1436 1155 1302 1476 1607 1424 1081 1402 1518 1397 1380 1443 1561 1446 1136 1558 1523 
1207 1157 983 1350 1292 1097 1040 1148 1101 1224 1331 1207 1229 1203 1106 1232 1048 1182 1235 1086 1177 1337 1314 1089 1141 1201 1068 1233 1245 1243 1043 1058 1314 1130 1108 1175 977 1276 1442 1135 1147 1111 1230 1121 1185 1239 1150 1223 1172 1001 1238 1415 1288 1011 1216 1205 1271 1192 1236 1299 1215 1196 1219 1229 
1216 1272 1074 1337 1228 1337 1005 1216 1003 1161 1379 1249 1341 1351 1372 1369 1213 1371 1171 1079 1306 1538 1293 1132 1321 1260 1067 1073 1304 1151 1156 1044 1258 1162 1158 1206 1063 1234 1273 1256 1292 1189 1273 1149 1362 1280 1186 1183 1065 1063 1187 1366 1397 991 1234 1373 1278 1175 1358 1315 1145 1143 1349 1389 
1164 1116 1009 1426 1363 1221 1139 1310 1269 1294 1527 1239 1266 1383 1206 1344 1281 1365 1302 1186 1401 1437 1473 1139 1277 1322 1178 1198 1271 1257 1221 1064 1311 1210 1067 1220 1033 1313 1246 1175 1132 1273 1393 1163 1110 1175 1295 1279 1088 1193 1270 1529 1398 955 1261 1354 1392 1099 1319 1395 1159 1233 1228 1329 
1247 1265 1067 1385 1239 1162 1011 1238 1068 1162 1417 1290 1280 1364 1256 1118 1226 1347 1212 1211 1389 1473 1280 1225 1173 1305 1165 1254 1392 1276 1176 1047 1319 1159 1126 1157 1142 1316 1239 1183 1165 1295 1245 1112 1211 1233 1179 1200 1178 1086 1220 1483 1307 949 1246 1243 1248 1242 1189 1377 1149 1105 1329 1255 
1272 1417 1082 1448 1379 1300 1049 1263 1119 1224 1498 1287 1348 1411 1446 1234 1257 1453 1217 1256 1406 1441 1385 1257 1293 1420 1281 1296 1392 1349 1372 1205 1403 1140 1348 1293 1218 1437 1386 1272 1250 1415 1292 1139 1164 1376 1402 1236 1149 1203 1448 1609 1532 1119 1288 1464 1315 1246 1376 1622 1170 1241 1378 1415 
1263 1327 1124 1251 1264 1230 1140 1218 1089 1221 1414 1222 1369 1408 1374 1283 1161 1431 1063 1280 1388 1563 1382 1171 1276 1484 1170 1037 1344 1427 1207 1055 1363 1244 1322 1309 1220 1416 1440 1105 1362 1251 1456 1210 1468 1325 1389 1169 1161 1069 1358 1531 1432 905 1193 1369 1294 1169 1321 1481 1479 1248 1356 1369 
1303 1528 1251 1532 1550 1349 1181 1406 1183 1350 1642 1357 1552 1485 1513 1501 1304 1463 1380 1368 1469 1583 1652 1351 1450 1517 1201 1270 1441 1461 1296 1180 1447 1253 1289 1424 1266 1562 1448 1459 1429 1404 1485 1306 1430 1392 1466 1281 1255 1251 1439 1637 1576 1193 1475 1525 1422 1358 1452 1570 1443 1344 1571 1480 
1437 1399 1276 1594 1622 1503 1272 1589 1445 1437 1627 1423 1622 1681 1542 1448 1593 1653 1308 1371 1618 1828 1663 1510 1393 1591 1298 1369 1624 1712 1410 1237 1604 1427 1378 1526 1293 1332 1507 1449 1382 1455 1564 1375 1404 1608 1550 1418 1410 1492 1565 1773 1670 1103 1370 1647 1556 1421 1618 1622 1479 1398 1546 1658 
1066 1033 929 1235 1232 1141 987 1152 987 1027 1291 1024 1119 1119 1149 1084 984 1310 1075 1057 1087 1268 1172 965 1033 1098 1023 1020 1180 1095 960 982 1173 1036 1094 1089 851 1176 1143 978 970 1223 1163 1077 993 1085 1122 1099 1002 1031 1135 1351 1185 853 1019 1158 1183 855 1092 1298 990 938 1022 1101 
981 1223 968 1255 1296 1116 976 1089 1131 1266 1401 1168 1204 1277 1197 1308 1223 1239 1172 1202 1203 1446 1266 1122 1140 1169 1037 1160 1275 1294 1136 999 1274 955 1019 1301 1076 1191 1170 1193 1107 1271 1256 1124 1175 1113 1293 1149 983 1139 1334 1401 1332 877 1121 1389 1231 1198 1200 1441 1028 1109 1198 1262 
1463 1399 1148 1565 1424 1457 1221 1223 1271 1285 1648 1464 1550 1473 1381 1440 1305 1436 1466 1283 1480 1569 1479 1246 1318 1530 1312 1296 1586 1605 1386 1321 1515 1383 1388 1384 1218 1436 1456 1344 1315 1392 1568 1365 1374 1603 1373 1372 1188 1338 1402 1700 1512 1225 1245 1466 1461 1427 1367 1558 1389 1347 1524 1490 
1166 1309 1051 1333 1198 1243 1105 1262 1124 1247 1350 1063 1248 1243 1168 1377 1244 1308 1160 1109 1281 1426 1310 1128 1336 1357 1161 1034 1192 1227 1074 1022 1258 1250 1185 1253 1113 1342 1361 1111 1245 1213 1336 1073 1232 1227 1246 1283 1145 1164 1300 1452 1343 954 1277 1432 1341 1205 1229 1296 1199 1221 1325 1302 
1214 1349 1257 1389 1385 1212 1095 1354 1081 1229 1503 1213 1458 1390 1317 1336 1314 1498 1248 1293 1419 1591 1470 1178 1283 1396 1108 1317 1393 1305 1182 1126 1315 1088 1253 1365 1158 1350 1305 1286 1217 1465 1379 1263 1233 1256 1341 1242 1227 1194 1332 1468 1487 989 1354 1469 1351 1305 1280 1468 1251 1226 1348 1385 
1384 1353 1221 1608 1566 1490 1262 1362 1317 1317 1512 1404 1506 1521 1472 1499 1356 1583 1362 1266 1478 1756 1590 1351 1467 1524 1230 1352 1584 1372 1461 1229 1572 1252 1363 1387 1315 1436 1549 1334 1295 1494 1659 1268 1348 1388 1518 1434 1274 1321 1563 1733 1550 1123 1248 1611 1578 1217 1576 1703 1515 1339 1387 1598 
1194 1332 1203 1414 1282 1308 1068 1310 1124 1161 1459 1078 1473 1400 1323 1324 1154 1445 1344 1180 1376 1499 1423 1182 1279 1383 1183 1241 1392 1313 1231 1195 1276 1171 1231 1192 1074 1312 1341 1380 1255 1221 1317 1224 1111 1310 1301 1249 1103 1296 1253 1532 1458 969 1165 1482 1232 1271 1321 1503 1169 1322 1289 1187 
1285 1402 1166 1524 1427 1414 1120 1363 1255 1206 1492 1335 1371 1460 1270 1335 1296 1572 1082 1460 1452 1653 1408 1359 1282 1490 1113 1285 1276 1577 1316 1287 1470 1106 1334 1477 1263 1417 1435 1256 1292 1512 1524 1276 1388 1451 1492 1206 1191 1308 1476 1570 1509 993 1343 1471 1314 1260 1375 1433 1398 1142 1441 1374 
1250 1277 1162 1405 1522 1313 1057 1415 1211 1260 1439 1246 1409 1516 1348 1351 1299 1371 1280 1284 1467 1544 1431 1184 1349 1347 1174 1268 1272 1400 1182 1234 1449 1276 1216 1436 1123 1368 1226 1347 1308 1261 1397 1296 1229 1454 1471 1215 1167 1211 1348 1502 1500 910 1236 1471 1366 1310 1339 1455 1260 1182 1326 1476 
1174 1198 1019 1243 1166 1030 983 1156 999 1040 1399 1245 1278 1220 1185 1143 1189 1241 1077 1076 1329 1330 1251 1052 1167 1214 1082 1143 1276 1261 1104 1099 1160 1037 1081 1211 1086 1129 1176 1076 1130 1129 1242 935 1248 1195 1229 1078 1021 1032 1103 1431 1279 951 1073 1245 1137 1105 1265 1218 1106 1096 1227 1142 
