930 1233 1208 1062 1270 1129 1080 1093 1150 1104 960 983 895 990 1097 1249 1049 1237 1115 1164 970 1120 1055 930 1114 939 1173 1270 1172 835 997 1196 1001 1382 1126 1170 1074 991 1125 1249 1149 1095 1199 1163 1093 1261 924 1230 1094 909 1025 1186 889 981 1455 1178 1015 942 1000 1272 1028 1167 1062 957 
1184 1433 1331 1269 1415 1392 1309 1463 1388 1425 1413 1224 1333 1358 1264 1365 1342 1310 1566 1575 1233 1507 1344 1029 1297 1192 1598 1423 1555 1043 1414 1371 1366 1658 1450 1287 1404 1271 1308 1484 1470 1326 1597 1433 1364 1464 1262 1629 1243 1054 1419 1472 1152 1187 1743 1601 1172 1267 1315 1433 1330 1332 1205 1304 
1155 1440 1377 1277 1345 1353 1220 1393 1497 1504 1290 1190 1335 1226 1394 1421 1250 1497 1445 1526 1127 1427 1458 1167 1426 1340 1539 1421 1597 1138 1358 1452 1260 1578 1511 1282 1441 1338 1245 1609 1629 1288 1565 1475 1527 1491 1304 1714 1412 1236 1253 1537 1173 1395 1602 1535 1340 1237 1103 1471 1261 1395 1282 1383 
1191 1263 1202 1367 1330 1313 1114 1286 1421 1431 1184 1147 1074 1182 1283 1348 1326 1336 1332 1444 1076 1395 1153 1032 1274 1049 1404 1369 1423 902 1282 1414 1108 1565 1339 1229 1272 1275 1162 1332 1338 1181 1430 1424 1413 1451 1032 1417 1180 1215 1168 1394 1109 1291 1508 1453 1157 1155 1128 1319 1114 1309 1159 1161 
1212 1310 1207 1185 1229 1220 1118 1371 1493 1429 1290 1208 1135 1203 1224 1436 1243 1337 1293 1391 1066 1411 1178 997 1280 1025 1374 1218 1470 832 1134 1421 1207 1628 1289 1083 1247 1307 1215 1444 1358 1210 1472 1442 1513 1462 1170 1466 1123 1255 1230 1427 994 1241 1470 1387 1282 986 1105 1367 1178 1289 1136 1192 
1036 1245 1097 1200 1117 1208 1219 1151 1290 1415 1169 1048 1150 1139 1171 1289 1250 1246 1324 1366 1072 1283 1064 954 1180 971 1349 1221 1551 951 1108 1321 1086 1488 1244 1168 1196 1246 1145 1335 1302 985 1412 1325 1337 1371 1071 1402 1159 1082 1226 1255 1056 1195 1385 1258 1189 1048 1015 1329 1017 1224 1135 1174 
1109 1214 1051 986 1053 1107 1073 1112 1219 1275 987 845 1173 1107 959 1125 1108 1210 1300 1248 1015 1152 1069 807 1097 962 1229 1101 1338 841 934 1176 988 1470 1171 979 1184 1103 1023 1232 1148 1016 1260 1206 1243 1264 1005 1260 1022 1102 1032 1237 904 1177 1259 1147 1102 969 1056 1283 988 1119 898 1053 
1145 1352 1300 1282 1346 1228 1247 1356 1429 1456 1226 1033 1320 1244 1197 1396 1265 1449 1374 1510 1225 1439 1332 990 1300 1094 1400 1395 1458 1003 1331 1389 1244 1714 1497 1243 1348 1207 1184 1356 1516 1300 1473 1425 1336 1415 1233 1652 1236 1266 1316 1464 1159 1326 1575 1473 1210 1300 1173 1381 1293 1285 1152 1216 
1116 1189 1296 1321 1303 1407 1386 1331 1418 1358 1336 1066 1233 1169 1326 1300 1168 1368 1375 1486 1315 1509 1219 1023 1208 1121 1504 1270 1421 1159 1121 1336 1003 1682 1502 1289 1351 1233 1239 1387 1378 1165 1426 1319 1258 1468 1063 1552 1261 1267 1350 1473 1158 1335 1446 1507 1095 1215 1153 1446 1141 1237 1158 1180 
1248 1308 1206 1159 1248 1200 1300 1266 1463 1425 1254 1185 1108 1095 1269 1340 1201 1292 1342 1389 1148 1393 1136 978 1239 972 1369 1181 1590 942 1102 1353 1041 1532 1415 1124 1287 1253 1322 1391 1333 1199 1499 1337 1354 1471 1056 1484 1182 1128 1201 1429 978 1286 1469 1385 1206 1130 1193 1346 1075 1172 1032 1136 
1173 1359 1347 1337 1452 1322 1342 1335 1452 1627 1261 1047 1292 1219 1351 1374 1304 1360 1509 1467 1307 1382 1318 958 1396 1275 1651 1363 1662 1100 1245 1344 1131 1697 1544 1244 1519 1388 1286 1359 1451 1249 1519 1417 1368 1417 1163 1548 1249 1173 1419 1424 1177 1401 1576 1535 1302 1343 1130 1453 1153 1313 1157 1349 
1038 1226 1073 1120 1118 1101 1212 1199 1307 1287 1102 1019 996 1048 1162 1349 1142 1168 1187 1161 1014 1169 1110 890 1052 918 1183 1202 1387 934 1156 1242 1132 1424 1052 1120 1014 1189 1115 1282 1149 1076 1219 1197 1210 1305 1184 1329 1177 1008 1164 1268 946 1208 1445 1308 1160 966 1006 1335 1019 1182 1090 1050 
1126 1238 1246 1236 1306 1253 1129 1389 1304 1439 1268 1016 1233 1229 1184 1347 1302 1342 1423 1485 1297 1411 1212 1092 1223 1156 1558 1346 1551 1068 1375 1437 1149 1683 1408 1067 1238 1338 1177 1364 1486 1203 1564 1348 1423 1459 1100 1412 1193 1279 1225 1365 1121 1336 1458 1420 1141 1150 1140 1405 1265 1349 1203 1231 
1109 1335 1273 1324 1281 1169 1206 1318 1286 1374 1183 996 1184 1275 1135 1288 1278 1236 1341 1381 1224 1371 1102 1014 1213 1077 1417 1498 1457 933 1155 1382 1163 1649 1378 1198 1250 1403 1179 1427 1342 1245 1478 1385 1379 1335 1115 1463 1110 1213 1278 1415 991 1244 1592 1341 1176 1153 1147 1366 1246 1288 1134 1220 
1130 1284 1229 1301 1223 1162 1324 1330 1322 1361 1173 1020 1219 1310 1128 1361 1221 1196 1364 1386 1199 1460 1123 1169 1267 1191 1496 1493 1472 1030 1229 1444 1185 1667 1338 1267 1233 1264 1242 1446 1347 1287 1446 1405 1423 1441 1287 1413 1070 1201 1173 1497 1106 1296 1493 1456 1284 1104 1248 1302 1204 1218 1062 1143 
1348 1626 1409 1356 1532 1480 1358 1418 1554 1564 1309 1279 1475 1390 1344 1610 1424 1600 1495 1539 1261 1626 1379 1115 1536 1306 1638 1473 1589 1155 1275 1610 1309 1816 1620 1444 1584 1429 1392 1568 1482 1489 1654 1569 1626 1625 1252 1562 1444 1307 1382 1687 1199 1471 1696 1598 1355 1322 1381 1629 1306 1493 1288 1363 
1197 1269 1283 1222 1521 1376 1248 1408 1457 1594 1303 1182 1305 1214 1250 1446 1274 1336 1425 1506 1204 1514 1273 1057 1226 1179 1687 1389 1456 1116 1169 1390 1118 1799 1417 1297 1344 1343 1302 1350 1421 1241 1635 1434 1464 1399 1125 1494 1184 1207 1299 1428 1228 1209 1551 1508 1335 1129 1195 1435 1137 1237 1163 1238 
1125 1124 1051 1258 1235 1121 1227 1185 1325 1372 1191 1110 1044 1154 1219 1297 1165 1225 1303 1284 1000 1425 1121 1068 1103 990 1363 1171 1425 919 1065 1327 1113 1455 1330 1212 1249 1116 1270 1229 1376 1144 1433 1377 1384 1342 1172 1471 1098 1132 1214 1323 1063 1144 1410 1409 1031 1109 929 1268 1132 1181 1054 1048 
1008 1134 1074 1211 1174 1128 1116 1086 1268 1257 1225 962 1104 1111 1119 1176 1197 1116 1308 1245 1063 1274 1207 879 1068 1127 1482 1306 1314 886 1194 1162 1013 1465 1269 1161 1259 1143 1166 1275 1285 1099 1211 1270 1196 1192 1073 1360 1100 990 1271 1256 1129 996 1250 1371 1146 1134 1014 1134 1024 1235 1034 1079 
1297 1641 1428 1266 1447 1435 1519 1507 1648 1616 1304 1195 1393 1496 1324 1614 1454 1505 1579 1581 1337 1709 1437 1276 1362 1266 1609 1494 1695 1160 1343 1498 1281 1837 1653 1320 1454 1383 1445 1612 1395 1387 1576 1518 1462 1582 1336 1632 1165 1436 1501 1617 1251 1534 1693 1612 1412 1226 1161 1597 1312 1434 1348 1355 
1295 1360 1256 1315 1463 1326 1154 1520 1512 1617 1391 1248 1182 1210 1289 1512 1365 1423 1459 1518 1258 1614 1289 1020 1403 1169 1666 1455 1468 1068 1325 1486 1207 1831 1439 1303 1341 1428 1274 1462 1405 1403 1604 1538 1402 1541 1196 1604 1289 1180 1297 1546 1251 1306 1685 1590 1280 1211 1261 1443 1346 1372 1188 1305 
965 1212 1222 1178 1256 1213 1330 1244 1363 1317 1206 1068 1107 1071 1212 1276 1067 1310 1314 1321 1200 1321 1172 997 1144 1043 1392 1254 1284 1056 1207 1292 1058 1505 1226 1311 1266 1103 1163 1237 1310 1161 1406 1288 1251 1364 1099 1397 1304 1078 1171 1434 1075 1207 1529 1371 1040 1167 1205 1441 1172 1209 998 1118 
994 1143 1283 1127 1236 1109 1168 1171 1332 1390 1086 1008 1133 1109 1154 1360 1219 1225 1221 1332 1020 1228 1204 963 1192 983 1349 1245 1430 989 1047 1347 969 1508 1371 1123 1168 1267 1088 1312 1184 1073 1318 1381 1226 1339 1127 1311 1039 1171 1224 1365 1017 1177 1336 1307 1254 1047 923 1385 983 1159 1157 1123 
1164 1222 1296 1311 1326 1269 1121 1311 1393 1390 1199 1192 1201 1078 1257 1324 1270 1210 1339 1379 1004 1243 1265 966 1173 1072 1333 1274 1450 1002 1211 1355 1062 1506 1449 1116 1288 1370 1230 1384 1387 1148 1279 1377 1268 1448 1115 1457 1116 1225 1301 1344 1147 1151 1304 1479 1165 1137 969 1255 1117 1298 1149 1167 
1041 1216 1260 1184 1143 1151 1351 1169 1291 1325 1177 1027 1325 1202 1186 1274 1240 1294 1393 1472 1193 1283 1242 1022 1122 1017 1401 1296 1578 1072 1258 1358 1013 1602 1309 1206 1280 1166 1303 1313 1424 1147 1444 1311 1344 1478 1049 1418 1223 1151 1293 1440 1006 1298 1455 1194 1121 1093 1191 1374 1090 1166 1017 1167 
1231 1421 1321 1429 1324 1459 1436 1377 1440 1417 1305 1154 1272 1413 1336 1452 1289 1463 1450 1449 1277 1567 1285 1202 1240 1185 1591 1465 1637 1041 1334 1413 1240 1722 1448 1414 1379 1377 1355 1586 1430 1364 1497 1422 1362 1674 1252 1539 1161 1244 1371 1510 1166 1306 1598 1489 1271 1249 1370 1372 1257 1357 1161 1428 
1224 1485 1375 1363 1402 1412 1470 1398 1529 1486 1271 1269 1354 1463 1382 1592 1365 1383 1478 1542 1227 1659 1264 1239 1477 1200 1613 1372 1633 1166 1356 1497 1254 1640 1534 1407 1502 1360 1457 1594 1341 1259 1616 1528 1471 1651 1314 1589 1231 1359 1439 1635 1241 1373 1781 1539 1315 1209 1169 1571 1188 1387 1318 1368 
1008 1280 1291 1320 1264 1223 1320 1241 1379 1309 1249 1018 1103 1024 1413 1335 1224 1235 1266 1391 1260 1282 1246 1027 1331 1192 1538 1281 1561 1086 1192 1375 1095 1595 1281 1213 1325 1232 1260 1404 1431 1072 1358 1426 1406 1467 1189 1569 1188 1241 1182 1428 1263 1284 1406 1372 1281 1210 1178 1331 1161 1259 1131 1195 
1157 1324 1368 1157 1183 1235 1237 1387 1368 1484 1221 1145 1230 1193 1247 1361 1185 1312 1277 1283 1266 1451 1145 1011 1213 987 1371 1306 1466 1092 1183 1253 1112 1668 1387 1179 1298 1325 1329 1423 1391 1286 1265 1365 1300 1570 1190 1437 1117 1214 1401 1493 1005 1252 1469 1340 1176 993 1151 1307 1183 1218 1111 1162 
1234 1477 1439 1295 1461 1378 1402 1360 1533 1513 1302 1225 1258 1230 1365 1466 1353 1463 1503 1628 1333 1634 1401 1187 1349 1248 1597 1567 1639 1127 1305 1549 1314 1772 1505 1402 1360 1430 1386 1593 1428 1336 1537 1514 1542 1596 1345 1655 1331 1391 1469 1671 1201 1452 1692 1657 1413 1240 1292 1550 1370 1375 1324 1327 
1019 1124 1068 1105 1121 1142 1113 1092 1252 1244 1079 981 1018 1068 982 1288 1250 1063 1214 1310 1104 1269 1090 956 1150 929 1299 1179 1398 930 1007 1234 1031 1474 1315 1015 1176 1057 1175 1347 1115 1109 1199 1327 1252 1359 1073 1286 1004 1052 1219 1247 1049 1136 1387 1314 1004 1017 874 1209 979 1079 1098 1127 
1194 1289 1227 1311 1142 1147 1336 1330 1370 1466 1287 1139 1229 1306 1212 1308 1124 1244 1461 1504 1186 1367 1178 1049 1269 1169 1471 1380 1497 993 1324 1328 1273 1634 1352 1206 1369 1282 1195 1426 1456 1232 1485 1404 1380 1453 1263 1575 1266 1213 1359 1554 1044 1361 1460 1498 1307 1189 1149 1415 1172 1282 1112 1223 
1109 1201 1272 1235 1371 1386 1253 1433 1366 1294 1297 1129 1163 1209 1172 1357 1180 1366 1366 1316 1169 1530 1138 1072 1238 1085 1555 1346 1312 1055 1163 1351 1159 1596 1333 1239 1322 1225 1217 1383 1394 1229 1378 1356 1337 1398 1213 1476 1259 1114 1314 1419 1146 1087 1587 1487 1116 1116 1148 1338 1121 1160 1083 1090 
1035 1284 1265 1169 1174 1186 1301 1380 1432 1316 1207 1083 1219 1073 1185 1231 1243 1087 1332 1282 1085 1235 1239 911 1139 999 1446 1220 1343 938 1141 1225 1115 1558 1230 1007 1209 1123 1096 1355 1353 1127 1346 1360 1317 1430 1103 1441 1077 1128 1120 1332 1047 1193 1388 1357 1149 1116 1168 1276 1177 1284 954 1201 
1172 1324 1261 1202 1329 1236 1251 1386 1367 1358 1066 1205 1150 1169 1265 1350 1216 1279 1312 1320 1165 1430 1172 1066 1341 1100 1424 1255 1506 911 1201 1397 1129 1606 1350 1187 1205 1270 1210 1422 1330 1188 1375 1327 1385 1579 1137 1427 1098 1203 1242 1387 1002 1261 1489 1433 1241 1052 1197 1338 1279 1298 1106 1177 
1346 1511 1348 1417 1501 1297 1419 1476 1523 1531 1527 1196 1222 1406 1320 1447 1294 1423 1610 1556 1348 1414 1275 1153 1446 1190 1674 1563 1685 1185 1433 1451 1314 1850 1486 1329 1347 1494 1392 1589 1552 1316 1667 1596 1506 1605 1215 1586 1325 1226 1289 1610 1194 1480 1567 1568 1327 1399 1359 1435 1277 1446 1165 1347 
1247 1470 1413 1358 1498 1441 1210 1471 1612 1632 1386 1326 1431 1376 1233 1503 1485 1311 1663 1512 1285 1493 1338 1085 1384 1325 1706 1434 1632 1127 1477 1533 1360 1756 1649 1194 1531 1426 1332 1542 1555 1338 1568 1546 1542 1606 1274 1573 1306 1197 1553 1485 1221 1333 1550 1656 1407 1244 1150 1421 1259 1514 1186 1388 
1172 1446 1196 1393 1464 1326 1377 1448 1468 1426 1301 1184 1306 1311 1284 1408 1460 1374 1503 1557 1283 1454 1288 1191 1228 1215 1591 1430 1646 1087 1289 1486 1163 1726 1495 1422 1442 1398 1352 1489 1436 1186 1658 1448 1436 1552 1158 1524 1302 1179 1382 1492 1241 1317 1633 1479 1213 1313 1220 1424 1217 1456 1191 1259 
1175 1416 1175 1295 1320 1243 1188 1274 1469 1424 1148 1168 1283 1244 1176 1407 1358 1337 1350 1354 1208 1463 1218 1020 1238 1142 1460 1236 1415 999 1237 1346 1227 1727 1461 1232 1367 1181 1213 1290 1296 1256 1428 1426 1393 1441 1137 1430 1126 1135 1312 1433 1175 1308 1500 1499 1229 1085 1022 1435 1142 1369 1101 1205 
1230 1404 1320 1449 1320 1442 1222 1087 1493 1529 1358 1105 1336 1382 1384 1446 1345 1392 1547 1495 1229 1592 1377 1158 1356 1320 1634 1395 1691 1131 1271 1528 1225 1563 1690 1287 1533 1352 1410 1607 1487 1284 1481 1475 1440 1494 1268 1676 1252 1318 1455 1472 1190 1291 1556 1501 1366 1238 1044 1485 1194 1349 1170 1376 
1112 1312 1140 1224 1269 1165 1218 1178 1331 1435 1240 1057 1162 1163 1189 1347 1178 1372 1392 1306 1140 1306 1158 880 1268 1091 1374 1210 1315 991 1167 1364 1125 1634 1400 1215 1273 1181 1204 1308 1318 1237 1405 1335 1297 1352 1121 1450 1210 1038 1199 1459 1103 1343 1504 1436 1158 1152 1146 1415 1119 1206 1061 1210 
1108 1263 1213 1361 1213 1248 1363 1343 1317 1452 1251 1001 1177 1142 1303 1377 1260 1326 1252 1263 1151 1332 1181 1018 1172 933 1320 1284 1593 1151 1245 1422 1134 1585 1328 1184 1216 1335 1281 1296 1457 1199 1351 1327 1340 1508 1189 1489 1295 1132 1264 1336 1033 1289 1461 1332 1148 1161 1152 1420 1153 1162 1030 1097 
1190 1225 1319 1218 1303 1366 1149 1253 1391 1381 1099 1066 1142 1161 1151 1276 1206 1249 1437 1377 1134 1382 1275 1070 1288 1333 1621 1314 1467 958 1338 1350 1089 1460 1225 1056 1340 1161 1210 1423 1370 1192 1410 1399 1304 1357 1177 1559 1182 1120 1227 1336 1165 1197 1437 1510 1282 1074 864 1447 1071 1373 1096 1209 
1281 1434 1297 1255 1328 1460 1376 1444 1523 1572 1293 1168 1316 1320 1406 1396 1301 1537 1512 1551 1281 1468 1301 1155 1352 1168 1633 1441 1649 1123 1329 1554 1218 1791 1442 1256 1349 1423 1317 1602 1495 1171 1548 1461 1455 1731 1193 1590 1372 1299 1372 1564 1157 1439 1488 1413 1334 1231 1241 1565 1248 1417 1387 1428 
1178 1384 1296 1315 1354 1330 1279 1390 1332 1398 1337 1302 1327 1190 1285 1397 1260 1372 1370 1306 1178 1512 1244 1086 1317 1159 1557 1377 1435 1165 1330 1430 1195 1687 1413 1302 1412 1394 1282 1505 1555 1302 1429 1393 1451 1545 1213 1466 1333 1211 1371 1547 1114 1279 1489 1436 1215 1111 1232 1342 1206 1416 1233 1146 
1186 1355 1354 1189 1434 1476 1358 1361 1428 1432 1325 1219 1319 1234 1361 1398 1205 1407 1465 1392 1265 1646 1276 1049 1338 1153 1590 1346 1524 1164 1290 1451 1172 1720 1417 1201 1353 1401 1348 1510 1459 1280 1535 1381 1396 1480 1243 1625 1254 1255 1274 1462 1169 1385 1557 1507 1273 1231 1292 1453 1377 1275 1210 1335 
1231 1334 1154 1253 1215 1262 1241 1322 1414 1353 1134 1059 1230 1332 1074 1284 1275 1384 1321 1544 1178 1386 1161 1016 1209 926 1322 1205 1652 933 1317 1362 1158 1633 1375 1119 1176 1191 1168 1310 1287 1142 1502 1401 1261 1536 1090 1444 1092 1150 1228 1302 1012 1239 1471 1305 1086 1141 1126 1380 1169 1240 1039 1273 
1005 1165 982 996 1036 1041 984 999 1140 1229 1008 1054 1060 1078 999 1093 986 1096 1154 1210 966 1307 960 908 1095 862 1145 964 1144 754 990 1217 1111 1368 1289 929 1087 982 980 1135 1083 1054 1164 1182 1225 1214 989 1277 896 1026 1073 1262 935 1112 1168 1249 997 927 910 1236 1077 995 926 1073 
1039 1342 1362 1226 1307 1205 1134 1121 1298 1406 1138 1119 1214 1132 1193 1295 1322 1218 1288 1505 1163 1412 1175 833 1244 1142 1446 1357 1469 1041 1296 1310 1106 1567 1328 1034 1277 1248 1092 1362 1326 1180 1340 1213 1205 1345 1134 1341 1104 1154 1232 1209 1064 1099 1531 1267 1278 1065 1152 1258 1120 1235 1157 1235 
1289 1460 1514 1441 1453 1436 1478 1456 1648 1576 1435 1296 1324 1327 1465 1521 1433 1523 1728 1713 1402 1506 1412 1188 1305 1276 1617 1532 1747 1156 1401 1547 1344 1790 1540 1301 1446 1364 1484 1683 1668 1396 1598 1554 1592 1606 1368 1737 1446 1442 1487 1567 1284 1523 1712 1669 1402 1347 1280 1606 1428 1492 1355 1441 
1154 1297 1267 1179 1157 1195 1292 1392 1333 1350 1122 1070 1285 1209 1221 1383 1215 1346 1432 1416 1077 1359 1181 1045 1300 1061 1382 1389 1470 968 1127 1280 1227 1533 1364 1251 1307 1236 1159 1436 1408 1222 1358 1295 1431 1394 1220 1479 1189 1249 1239 1455 1135 1230 1563 1406 1159 1190 1178 1282 1146 1208 1135 1164 
1085 1254 1257 1198 1494 1226 1206 1204 1301 1370 1198 1175 1199 1179 1270 1333 1170 1275 1228 1366 1109 1361 1256 1021 1200 991 1321 1195 1377 953 1205 1432 1182 1578 1290 1255 1160 1273 1263 1335 1386 1192 1467 1462 1307 1470 1193 1560 1160 1144 1309 1429 1134 1211 1530 1478 1192 1142 1120 1426 1262 1286 1091 1171 
1224 1446 1409 1378 1456 1556 1382 1381 1449 1516 1319 1180 1431 1462 1446 1463 1371 1440 1586 1496 1242 1617 1375 1247 1311 1274 1709 1513 1565 1044 1275 1465 1353 1716 1571 1560 1531 1396 1287 1600 1543 1244 1567 1462 1516 1590 1308 1640 1281 1332 1430 1602 1202 1206 1705 1609 1360 1291 1291 1501 1223 1468 1283 1357 
1079 1199 1202 1171 1158 1250 1249 1146 1363 1381 1224 1072 1134 1201 1312 1322 1159 1313 1330 1443 1170 1442 1180 1007 1154 1112 1414 1231 1549 957 1202 1383 1177 1496 1387 1218 1220 1252 1186 1429 1349 1068 1390 1405 1342 1438 1298 1633 1135 1230 1341 1427 1145 1255 1424 1476 1242 1118 1048 1379 1142 1226 1246 1298 
1031 1154 1230 1264 1127 1229 1177 1174 1219 1298 1187 1020 1167 1100 1265 1170 1175 1200 1220 1460 1103 1401 1215 1052 1040 1040 1359 1334 1362 1050 1164 1274 1031 1491 1296 1159 1313 1197 1079 1381 1436 1046 1386 1199 1082 1320 1011 1393 1190 1179 1239 1321 966 1167 1391 1303 1166 1007 1077 1321 1167 1198 1111 985 
1250 1475 1436 1425 1483 1501 1400 1585 1525 1620 1390 1343 1284 1288 1556 1576 1465 1372 1568 1604 1316 1576 1376 1144 1398 1334 1691 1536 1677 1059 1450 1609 1355 1854 1513 1429 1437 1506 1321 1613 1560 1390 1599 1444 1464 1703 1289 1743 1394 1266 1398 1547 1264 1390 1770 1649 1398 1259 1427 1485 1395 1484 1345 1425 
1035 1200 1140 1118 1179 1265 1225 1300 1333 1217 1145 1082 1020 1008 1112 1326 1192 1244 1374 1311 1182 1386 1162 1067 1198 1000 1455 1360 1393 945 1149 1254 950 1564 1279 1117 1228 1194 1220 1429 1258 1168 1346 1276 1284 1453 1032 1485 1173 1174 1110 1343 1108 1206 1468 1384 1113 1150 1111 1259 1198 1253 1148 1176 
1024 1098 1130 1128 1319 1213 1113 1309 1197 1264 1158 1018 1019 1090 1064 1284 1152 1226 1204 1151 1015 1377 1129 931 1119 920 1362 1152 1164 916 1138 1299 977 1472 1268 1177 1190 1210 1042 1308 1262 1200 1402 1311 1121 1466 1075 1312 1189 1120 1178 1307 975 1078 1448 1339 1008 1079 1083 1246 1070 1284 1055 977 
1078 1258 1223 1091 1376 1207 1243 1158 1240 1220 1130 1011 1167 1230 1107 1305 1191 1423 1228 1296 1131 1385 1160 1041 1054 1026 1299 1175 1328 963 1128 1425 1121 1556 1279 1193 1183 1092 1179 1358 1354 1198 1405 1312 1333 1413 1080 1321 1145 1202 1185 1343 962 1169 1401 1295 1152 1051 1071 1434 1087 1264 1065 1007 
1002 1146 1173 1144 1285 1228 1120 1133 1176 1182 1162 996 963 1081 1026 1208 1147 1227 1281 1353 1037 1312 1048 941 1036 1022 1291 1337 1318 926 1112 1276 1123 1373 1182 1098 1134 1053 1181 1363 1268 1142 1298 1282 1247 1308 1059 1349 1133 1030 1210 1122 996 1047 1375 1376 975 1115 933 1236 1101 1201 1114 1090 
1140 1293 1384 1223 1255 1396 1283 1274 1427 1513 1222 1068 1224 1250 1261 1389 1167 1499 1359 1511 1243 1605 1283 1070 1325 1052 1552 1399 1578 1095 1355 1346 1166 1621 1481 1266 1357 1315 1277 1380 1419 1260 1445 1410 1418 1523 1199 1631 1322 1293 1520 1484 1091 1333 1512 1533 1280 1163 1140 1443 1244 1238 1237 1280 
1292 1577 1350 1401 1631 1517 1301 1572 1591 1660 1456 1317 1447 1324 1412 1481 1544 1406 1696 1646 1339 1633 1493 1170 1450 1280 1718 1477 1753 1180 1433 1573 1417 1855 1603 1385 1499 1562 1288 1666 1550 1285 1744 1614 1515 1736 1328 1757 1323 1349 1459 1508 1335 1443 1686 1682 1400 1480 1286 1501 1430 1557 1262 1414 
1112 1371 1205 1187 1271 1431 1231 1409 1407 1389 1366 1091 1345 1306 1252 1365 1199 1327 1422 1418 1210 1464 1288 1072 1216 1157 1478 1273 1554 1067 1201 1332 1212 1589 1453 1211 1413 1385 1262 1472 1359 1166 1558 1321 1389 1368 1197 1474 1195 1169 1315 1527 1017 1339 1448 1491 1211 1225 1174 1384 1211 1305 1235 1262 
1135 1452 1380 1413 1522 1489 1583 1376 1507 1504 1366 1219 1299 1329 1513 1577 1370 1346 1515 1610 1288 1559 1301 1177 1447 1237 1692 1468 1677 1161 1236 1650 1278 1733 1369 1458 1393 1352 1439 1590 1374 1278 1555 1499 1474 1675 1371 1559 1349 1323 1293 1497 1330 1279 1797 1470 1357 1394 1398 1596 1227 1340 1213 1400 
