0 0 0 6 0 63 0 0 0 16 0 0 0 0 0 0 0 12 6 0 0 0 0 0 0 0 0 0 12 48 0 0 0 54 16 0 0 3 0 54 0 0 6 6 0 0 12 0 12 0 0 0 0 42 0 12 18 0 14 0 18 54 0 0 
0 0 0 0 0 0 0 0 0 0 0 0 0 0 0 0 0 0 0 0 0 0 0 0 3 0 0 0 0 0 0 0 0 0 0 0 0 21 0 0 0 0 0 0 0 0 0 0 0 21 0 0 0 0 0 0 0 0 0 0 0 0 0 0 
0 52 0 0 0 0 32 0 0 0 56 0 28 0 35 0 12 24 16 0 0 0 8 0 0 0 0 0 8 28 0 0 0 8 20 28 64 0 0 0 3 0 0 0 0 0 12 0 0 0 0 0 12 0 48 0 0 0 12 0 56 56 24 0 
0 0 0 0 12 0 37 44 40 6 15 0 0 0 0 12 10 3 2 0 0 0 0 0 6 0 0 0 0 45 8 0 18 1 0 0 8 14 0 36 18 0 5 0 0 0 0 0 14 32 10 0 36 4 14 0 0 0 61 4 0 5 3 30 
0 108 0 0 0 0 0 9 0 0 64 7 95 0 112 5 45 0 0 0 7 5 0 27 5 30 6 109 0 40 0 7 84 0 70 45 0 0 0 5 0 1 0 0 20 0 8 0 31 24 6 24 0 0 6 0 48 0 81 20 85 27 64 0 
0 18 0 0 0 0 0 0 72 0 3 62 0 8 0 0 0 0 0 0 0 0 9 0 0 0 0 0 0 12 0 0 36 0 0 27 0 72 43 0 0 4 0 81 2 0 0 0 0 5 0 56 0 0 27 0 0 4 48 0 8 0 6 0 
0 81 0 42 75 0 0 0 72 24 28 82 45 70 36 9 71 0 0 0 0 49 21 81 0 7 61 0 45 12 47 0 63 0 30 29 0 130 52 87 27 5 67 102 0 38 30 8 72 0 15 0 0 6 45 0 0 18 0 6 33 54 12 0 
21 0 63 0 6 0 0 0 0 0 24 0 49 42 8 0 117 0 0 0 0 0 49 0 0 36 28 0 0 0 0 56 64 0 63 93 64 0 42 28 9 30 0 16 36 16 18 48 0 27 0 49 61 0 0 0 0 0 64 36 0 0 0 0 
0 47 10 18 0 18 42 40 0 0 0 5 0 0 0 2 55 0 12 6 0 0 0 36 0 45 5 20 14 0 0 0 0 5 35 49 0 21 30 0 0 40 0 0 0 35 45 35 16 0 0 65 0 0 4 0 0 0 45 48 69 0 0 30 
0 0 0 0 0 0 0 0 0 0 40 0 20 0 25 0 45 15 0 40 0 0 0 0 0 0 0 0 0 20 0 0 0 0 0 0 0 0 0 0 0 20 0 0 0 0 0 0 0 0 0 0 0 0 0 0 0 25 0 0 40 0 0 0 
0 156 8 0 9 27 27 62 69 63 42 52 0 0 0 3 173 20 0 5 30 75 0 27 0 45 23 16 21 45 45 0 0 0 30 42 0 48 44 0 0 83 96 36 3 28 18 0 24 25 42 58 25 72 6 0 0 6 63 0 15 0 9 90 
0 0 0 21 0 0 49 54 7 0 0 42 0 0 1 0 0 0 0 10 42 0 0 21 0 32 0 7 0 0 0 0 0 0 42 0 3 0 0 0 0 6 0 0 6 0 0 0 42 54 0 0 0 0 0 0 0 0 0 56 49 0 0 0 
0 25 0 0 0 0 0 10 0 0 0 0 18 0 0 0 41 24 0 18 0 0 0 0 0 4 2 45 10 0 0 0 10 0 25 44 25 0 0 0 22 0 0 0 4 12 15 0 0 3 0 0 0 0 0 0 0 0 24 4 0 0 0 0 
0 6 0 1 0 0 56 0 14 8 0 9 0 0 2 0 0 0 0 6 0 0 4 0 21 4 0 14 0 0 0 21 0 0 0 0 6 3 0 0 0 0 6 4 68 8 9 0 47 0 0 63 0 0 0 6 0 0 0 0 0 0 4 5 
0 0 49 0 0 0 80 6 64 0 0 0 0 0 56 0 0 0 24 0 0 0 0 21 12 0 0 0 0 72 0 68 64 0 74 0 64 18 0 0 0 0 8 16 32 16 0 0 24 0 0 36 47 0 0 0 0 0 72 0 0 0 0 96 
0 42 18 0 0 0 0 0 0 72 0 0 0 0 0 7 63 54 0 12 0 0 0 63 0 12 0 0 72 54 0 0 0 9 72 27 0 27 0 0 0 0 0 51 12 0 0 63 110 9 0 81 0 0 14 42 0 0 63 30 52 0 0 54 
0 6 0 0 56 2 64 8 0 56 0 0 0 63 85 0 0 8 32 0 0 0 28 0 0 0 0 0 0 0 0 0 0 6 0 0 0 73 0 0 0 0 42 28 0 70 73 0 0 0 0 0 0 0 0 0 0 0 0 0 18 0 28 24 
0 42 10 0 0 0 56 40 0 0 24 5 21 0 8 19 35 28 0 21 0 32 0 63 36 75 5 50 0 0 0 104 64 0 0 0 64 8 30 30 0 40 5 16 16 65 0 0 68 0 7 45 40 0 14 0 0 0 45 0 7 0 0 0 
0 137 0 9 0 0 72 8 0 0 0 81 0 0 0 32 0 0 0 0 0 0 12 40 35 0 0 32 14 8 0 27 0 0 35 49 48 56 0 16 0 0 0 0 72 0 29 0 99 64 0 97 27 8 16 54 48 32 0 24 0 96 64 45 
0 0 0 24 32 27 56 54 0 24 0 0 6 9 3 0 0 0 18 8 36 0 0 24 0 0 36 0 30 0 0 0 0 0 0 0 0 13 30 54 36 0 0 6 0 18 36 0 63 24 0 0 0 0 0 0 0 32 0 82 56 36 0 0 
0 0 0 12 30 0 28 72 0 0 0 0 0 0 0 24 25 0 0 4 0 0 9 42 19 81 0 0 0 0 20 0 45 0 0 18 36 70 0 16 45 0 0 72 0 0 0 0 0 35 25 12 0 16 12 72 9 24 18 50 28 54 0 0 
0 45 0 35 8 37 114 26 27 35 15 0 0 0 64 0 41 43 42 3 18 0 21 28 0 0 6 28 5 7 0 0 0 20 0 0 40 42 0 63 28 25 0 20 0 0 27 0 0 0 35 0 78 40 30 0 92 0 0 0 36 25 71 64 
0 54 0 0 2 12 30 0 21 8 0 0 0 0 3 9 0 21 10 9 5 0 0 81 0 6 0 66 6 6 0 0 0 37 18 0 49 12 0 0 49 0 0 3 38 0 0 0 78 0 15 0 0 0 48 0 10 0 7 0 9 25 15 6 
0 128 0 0 0 0 10 0 128 0 18 76 63 0 72 4 137 27 0 72 0 49 8 36 8 7 7 72 14 72 35 0 95 0 98 73 0 64 4 0 0 36 57 72 0 0 21 0 32 20 0 0 0 0 32 0 0 45 153 0 22 27 0 48 
0 18 0 4 0 9 25 54 0 48 15 27 0 0 20 0 0 0 0 30 30 0 24 0 4 0 0 0 0 6 0 0 0 9 45 0 0 46 0 9 0 0 37 24 0 48 54 0 78 28 0 0 0 7 0 20 3 0 0 18 3 9 24 15 
0 0 0 0 0 0 0 16 0 0 56 6 28 0 35 4 20 0 0 0 0 0 2 7 0 18 0 81 0 28 0 0 18 0 0 4 51 0 0 1 5 0 0 16 0 0 0 0 0 0 0 14 0 3 2 16 2 4 24 3 56 9 4 0 
0 18 0 9 32 93 42 44 0 0 27 0 24 0 32 0 52 32 16 24 0 0 0 0 0 12 0 0 0 54 20 0 45 83 0 27 0 59 9 131 59 0 9 0 12 16 0 0 0 94 25 0 45 73 0 18 37 0 0 12 27 81 0 12 
0 48 0 45 16 0 120 5 0 0 6 0 0 18 46 0 36 18 24 32 0 0 39 36 27 0 6 8 0 2 0 27 21 2 0 0 16 23 2 81 9 16 0 0 72 4 2 0 54 10 51 105 99 0 12 0 57 20 0 0 0 34 22 15 
0 16 0 0 0 0 0 0 0 0 0 0 0 5 0 0 0 0 0 0 0 0 4 0 0 0 0 0 0 0 0 0 0 0 0 0 0 0 20 0 0 0 0 0 0 0 0 0 0 0 0 35 6 0 0 0 0 0 30 0 0 8 0 0 
24 18 72 3 9 27 96 7 8 0 76 15 64 63 67 3 0 0 28 0 0 0 57 30 0 0 32 0 0 26 0 7 12 27 72 21 8 29 63 59 0 45 3 11 0 2 27 72 24 0 0 74 29 24 9 6 9 0 32 0 28 27 6 21 
0 0 0 0 0 0 20 16 0 0 3 0 7 0 0 0 0 15 10 0 0 0 2 0 0 18 42 0 35 0 0 0 0 5 0 4 40 0 36 63 0 0 0 23 0 0 0 0 0 5 0 0 0 0 30 16 2 0 4 0 0 67 15 0 
0 41 0 1 0 0 12 63 0 9 0 58 3 0 0 18 0 4 0 3 49 0 0 0 17 35 0 0 14 0 0 0 0 0 84 49 0 56 0 0 0 7 0 0 0 2 21 0 54 119 0 0 0 0 12 6 0 0 24 0 0 0 0 5 
0 0 0 56 9 48 52 0 32 17 4 0 32 7 0 18 0 0 0 0 0 18 4 0 9 0 0 0 0 36 0 0 0 8 40 2 0 123 7 0 56 5 55 4 0 8 12 8 0 0 63 63 0 0 12 0 40 24 60 8 0 0 4 24 
24 0 72 49 0 0 64 12 0 0 0 36 93 0 0 0 147 12 0 9 0 63 56 0 24 37 41 0 0 0 45 24 0 3 107 63 0 9 0 32 0 0 63 0 92 6 0 21 62 21 0 155 24 0 0 0 0 21 32 39 15 0 0 18 
0 72 0 6 0 0 14 0 0 0 0 32 0 0 16 36 0 0 0 26 24 0 0 51 3 0 0 0 0 48 0 0 0 0 56 0 54 21 40 9 0 16 0 0 8 0 0 0 0 21 0 18 0 9 18 0 0 52 0 43 46 81 24 24 
0 0 0 0 0 0 0 10 64 0 0 48 0 0 0 0 24 0 0 0 0 0 8 0 0 0 2 0 0 0 0 0 32 4 0 24 0 76 0 0 16 0 0 72 0 0 0 28 0 0 0 36 0 0 24 0 0 0 0 0 20 0 0 24 
0 0 0 53 0 0 0 64 8 0 0 0 16 0 0 0 0 0 0 0 0 0 15 20 0 0 0 0 0 9 0 0 0 0 20 0 0 0 0 109 5 0 1 0 0 0 0 0 0 64 25 0 117 0 0 0 25 12 9 4 0 0 0 6 
0 102 0 6 0 54 0 0 0 0 0 0 0 0 2 5 36 12 0 0 0 0 18 45 0 0 0 0 0 36 0 14 16 54 0 36 16 0 0 54 9 0 6 4 6 4 0 0 40 36 0 0 37 42 10 66 18 0 36 0 23 90 0 0 
0 51 42 0 0 0 36 0 0 0 0 0 21 0 24 5 81 9 6 0 0 0 0 63 9 36 0 24 0 0 0 9 21 3 63 81 24 0 0 0 0 0 0 0 60 0 0 0 58 27 0 27 6 0 28 0 0 0 27 36 11 24 9 0 
0 0 0 0 55 42 43 0 0 0 0 0 0 54 18 8 0 6 4 0 0 0 0 10 0 0 0 0 0 0 0 0 0 9 0 0 28 66 0 2 49 0 0 0 0 12 0 0 0 0 0 4 0 2 16 0 35 8 0 6 0 28 6 0 
0 0 0 40 0 9 28 66 0 0 15 36 9 0 0 0 125 21 20 0 0 63 24 32 0 29 65 0 45 0 45 0 0 7 0 45 56 3 50 209 24 0 63 9 20 0 12 0 0 96 40 0 135 0 42 0 40 0 0 20 0 89 21 0 
0 96 63 8 64 0 0 0 28 0 0 72 0 72 28 20 0 6 0 12 0 0 0 114 0 8 0 28 0 0 0 0 0 0 63 18 30 32 0 3 0 0 0 0 27 16 0 0 104 18 0 6 9 3 22 75 0 12 0 9 8 27 0 40 
0 45 0 3 0 0 7 0 0 0 0 20 12 0 0 0 0 16 0 13 0 0 0 3 5 0 0 0 0 30 0 0 0 0 0 0 0 35 25 0 0 10 0 0 5 8 0 0 0 35 0 0 0 0 0 0 0 10 0 8 27 0 15 0 
0 0 0 0 12 18 0 0 0 12 0 21 0 0 28 12 0 0 12 42 65 0 0 22 0 0 0 45 0 0 0 0 0 30 68 0 18 6 0 3 53 0 0 0 20 8 24 0 0 12 15 48 0 10 6 0 0 28 0 9 0 27 14 0 
0 24 21 0 0 0 64 24 56 72 0 42 0 0 64 0 0 6 32 0 0 0 41 9 0 18 0 0 6 6 0 0 28 0 29 25 0 104 0 0 0 0 48 114 0 64 72 0 6 0 0 0 3 0 21 16 2 0 11 0 0 0 32 24 
3 0 9 0 0 0 0 0 0 0 0 0 14 0 0 0 0 0 0 0 2 6 7 0 0 0 46 36 35 0 0 0 4 12 11 0 10 24 35 67 14 0 15 7 8 0 0 0 0 0 27 28 3 0 0 0 0 0 4 0 0 42 0 0 
0 0 0 0 6 0 0 72 0 0 0 56 6 0 0 0 68 11 0 14 56 0 0 0 0 64 0 0 0 0 4 0 9 0 56 54 0 7 0 2 9 12 0 0 24 4 0 0 56 90 5 0 0 2 0 0 0 5 0 24 0 0 0 0 
0 0 0 21 0 0 49 0 0 0 0 0 0 0 0 0 16 0 0 7 0 0 0 21 6 0 0 0 0 0 0 0 0 0 0 0 0 0 0 0 4 0 0 0 0 0 0 0 0 0 0 0 0 0 0 0 0 0 16 56 49 0 0 0 
0 42 0 0 0 0 0 0 0 0 16 0 8 0 10 7 0 0 0 0 0 0 0 63 0 0 0 0 0 8 0 0 0 0 0 0 0 0 0 0 0 0 0 0 0 0 0 0 56 0 0 0 0 0 14 0 0 0 0 0 23 0 0 0 
15 0 94 0 0 0 97 9 21 8 15 0 35 0 75 0 0 10 36 9 9 0 35 21 0 6 20 102 6 6 0 0 0 54 111 12 9 27 0 20 63 0 0 3 56 0 0 0 6 12 27 35 22 0 0 18 0 0 27 0 0 0 0 27 
0 24 0 4 0 0 0 39 42 0 72 36 36 6 87 0 12 10 0 72 54 0 0 0 0 12 3 66 0 42 0 0 0 0 81 30 18 0 24 0 24 0 0 0 41 0 6 0 48 30 0 42 0 0 0 69 36 0 36 8 72 0 48 20 
0 51 34 5 0 0 0 0 0 0 0 61 0 0 0 0 32 0 0 4 0 28 0 12 0 4 4 9 6 0 20 0 2 0 43 0 5 0 0 0 0 0 28 8 0 0 0 0 25 0 0 0 4 0 0 44 0 0 0 6 0 0 0 43 
0 0 49 0 0 0 0 0 32 0 0 24 0 0 0 0 81 0 0 0 0 4 4 21 12 36 0 0 0 0 0 0 16 0 49 93 0 48 0 0 0 0 10 36 36 0 0 0 0 27 14 14 7 0 12 0 0 0 0 36 0 0 0 0 
0 18 0 28 0 0 0 48 128 0 0 8 16 8 8 0 16 32 0 32 48 0 0 0 0 16 16 56 0 12 0 0 0 0 20 0 24 0 42 0 0 4 0 0 50 0 0 0 0 0 0 56 40 0 0 0 0 16 48 4 8 0 6 0 
0 0 0 5 0 0 0 20 48 0 0 6 0 0 12 0 16 0 0 18 18 0 4 4 0 0 4 0 0 45 0 0 4 0 27 3 0 8 0 9 33 0 5 9 0 0 0 0 0 0 5 0 9 0 3 0 5 0 45 0 0 0 0 30 
0 0 44 0 0 0 0 74 0 0 0 8 9 0 0 0 64 12 0 9 6 0 0 12 0 72 10 86 0 0 0 0 0 36 34 0 0 0 48 0 58 64 0 0 24 62 0 0 0 0 18 32 4 0 0 0 0 0 72 0 0 0 0 0 
0 78 0 7 0 0 0 0 0 0 0 63 0 0 0 6 0 0 0 0 0 0 0 54 3 0 0 0 0 0 0 0 0 0 0 0 0 21 0 0 0 0 0 0 0 0 0 0 83 21 0 0 0 0 12 42 0 0 0 0 6 0 0 35 
12 0 50 0 18 9 0 110 45 18 0 7 28 0 0 0 59 20 6 5 57 0 28 0 0 63 33 28 0 0 0 0 0 0 36 0 0 3 42 16 27 56 0 0 0 61 12 0 28 18 0 56 37 0 0 0 0 24 79 8 0 0 0 0 
0 56 0 0 6 45 30 54 9 0 0 51 0 0 0 0 137 40 0 1 6 63 14 5 0 37 11 0 0 0 45 0 0 33 0 63 0 36 0 48 42 0 63 0 28 0 45 0 0 69 0 30 80 5 0 0 30 0 0 28 81 28 10 0 
0 140 0 42 18 0 0 0 0 0 24 27 99 0 87 7 78 23 0 56 0 0 0 72 6 0 0 72 14 12 12 0 90 0 128 55 0 21 0 6 27 28 0 0 1 0 21 0 56 6 15 54 0 15 14 9 0 53 81 6 49 27 18 0 
0 5 0 10 42 0 32 0 16 24 0 0 0 0 0 48 98 12 0 32 0 0 6 8 24 12 0 0 2 18 28 0 63 0 5 34 0 49 0 32 65 16 2 0 12 0 3 0 0 9 45 0 18 14 32 0 10 20 82 12 0 0 0 12 
0 75 0 0 0 0 0 27 42 0 0 45 0 0 6 5 48 0 0 18 21 42 0 45 0 33 24 50 18 2 30 0 63 0 111 63 18 0 0 0 0 3 42 0 36 0 29 0 61 27 18 72 0 0 10 0 12 0 0 0 5 0 16 54 
0 21 14 0 0 8 0 56 0 0 0 7 21 0 24 0 49 32 0 0 0 0 0 0 0 63 7 52 0 0 0 0 21 24 21 0 0 0 42 0 0 56 0 0 0 49 40 0 0 0 0 28 0 0 0 0 0 0 90 0 78 9 0 0 
0 12 0 0 0 0 24 0 0 0 0 0 0 0 0 0 0 0 0 0 0 0 0 0 14 0 0 0 0 0 0 9 0 0 0 0 0 35 0 0 0 0 0 0 24 0 0 0 18 35 0 27 0 0 0 0 0 0 0 0 0 0 0 0 
