1034 1191 1361 1268 1269 906 1129 1284 1242 1332 947 1101 1285 981 985 1195 1206 1253 1114 1254 1386 1282 1040 1218 1264 1251 1322 1131 1194 1094 1251 1397 1260 1080 1058 1032 923 1286 1211 1050 1235 1340 1061 1120 971 1241 1216 1098 1187 1180 1181 1214 1378 1275 1404 1158 1237 1463 1218 1213 1250 1089 1134 1382 
1156 1330 1489 1399 1194 1135 1087 1229 1232 1324 1082 1225 1270 1033 1144 1241 1245 1418 1103 1223 1446 1206 1135 1165 1412 1372 1236 1302 1254 1276 1429 1514 1108 1121 1192 1256 954 1377 1289 1121 1189 1364 1285 1173 1240 1396 1212 1123 1409 1186 1205 1315 1404 1347 1367 1177 1340 1232 1344 1284 1335 1187 1219 1340 
1275 1463 1504 1342 1464 1149 1229 1335 1258 1511 1158 1366 1442 950 1166 1389 1395 1579 1279 1404 1561 1368 1294 1370 1359 1487 1507 1293 1356 1350 1476 1594 1206 1310 1240 1441 1108 1543 1340 1282 1271 1403 1375 1372 1183 1552 1236 1321 1339 1320 1263 1428 1504 1622 1657 1326 1501 1453 1496 1308 1404 1360 1452 1582 
1167 1288 1538 1343 1355 1025 1169 1390 1413 1446 1043 1118 1385 1039 1205 1329 1323 1387 1236 1287 1369 1355 1209 1256 1453 1287 1381 1269 1402 1261 1447 1542 1166 1270 1276 1227 1076 1354 1367 1146 1334 1366 1203 1230 1223 1505 1259 1207 1366 1220 1261 1397 1376 1394 1437 1249 1476 1420 1455 1228 1302 1394 1242 1430 
1314 1558 1659 1495 1438 1176 1318 1571 1400 1539 1114 1293 1444 1081 1350 1336 1482 1614 1253 1325 1566 1433 1316 1416 1524 1352 1422 1397 1470 1345 1524 1579 1242 1321 1179 1444 1114 1455 1548 1357 1396 1518 1340 1295 1350 1426 1282 1124 1393 1290 1415 1557 1566 1653 1587 1369 1636 1487 1635 1369 1541 1398 1446 1595 
1188 1409 1443 1278 1395 1078 1258 1305 1397 1410 1160 1298 1368 1153 1087 1318 1352 1468 1130 1379 1456 1408 1155 1400 1361 1251 1359 1277 1458 1280 1480 1608 1174 1350 1262 1303 1101 1411 1186 1276 1368 1427 1253 1339 1032 1483 1350 1357 1477 1248 1330 1312 1617 1395 1423 1272 1370 1341 1252 1383 1411 1309 1247 1436 
1198 1304 1402 1437 1242 1096 1185 1404 1266 1448 1020 1155 1477 1100 1252 1240 1330 1454 1205 1233 1423 1298 1221 1236 1467 1339 1334 1200 1317 1262 1286 1486 1172 1117 1135 1248 1018 1343 1167 1060 1282 1307 1196 1257 1109 1356 1221 1094 1320 1238 1333 1394 1461 1421 1345 1221 1388 1359 1403 1390 1290 1295 1329 1478 
1220 1318 1498 1294 1230 1056 1190 1431 1319 1357 1077 1166 1361 1078 1085 1356 1193 1478 1055 1309 1427 1292 1211 1187 1244 1348 1284 1238 1448 1163 1320 1453 1108 1233 1207 1161 1008 1310 1266 1133 1284 1419 1240 1175 1144 1218 1329 1262 1260 1194 1327 1380 1356 1295 1377 1226 1449 1338 1475 1292 1239 1223 1157 1341 
1120 1267 1459 1267 1194 1046 1068 1297 1075 1307 1150 1077 1411 1071 1091 1267 1257 1458 1001 1316 1325 1284 1103 1196 1297 1284 1322 1143 1318 1189 1272 1531 1012 1283 1042 1156 1101 1271 1125 1057 1255 1344 1234 1281 984 1267 1258 1082 1127 1237 1286 1278 1398 1376 1393 1121 1359 1304 1375 1329 1242 1212 1224 1406 
1388 1501 1588 1520 1453 1254 1425 1623 1381 1484 1229 1378 1454 1215 1184 1548 1380 1754 1205 1533 1595 1449 1280 1604 1529 1526 1503 1488 1458 1248 1527 1688 1330 1427 1353 1353 1251 1576 1327 1291 1424 1607 1313 1386 1224 1423 1668 1498 1571 1405 1414 1526 1668 1554 1583 1402 1580 1609 1598 1551 1449 1408 1304 1631 
993 1146 1270 1219 1001 988 982 1190 1105 1194 949 951 1162 1004 982 1115 1109 1304 1007 1118 1144 1139 1068 1194 1193 1065 1103 1102 1150 1046 1231 1341 986 1034 973 1046 1012 1297 1080 1022 1076 1187 1034 1085 1133 1079 1115 1173 1200 987 1141 1178 1203 1317 1137 983 1270 1204 1121 1080 1134 1132 901 1253 
1302 1301 1620 1531 1358 1149 1276 1432 1356 1565 1066 1186 1423 1081 1227 1304 1365 1446 1347 1397 1352 1436 1254 1254 1416 1356 1367 1351 1379 1165 1303 1580 1331 1252 1252 1268 1101 1516 1348 1170 1328 1394 1186 1252 1267 1347 1297 1161 1386 1267 1356 1518 1460 1459 1502 1353 1641 1574 1349 1345 1488 1253 1150 1579 
1094 1338 1462 1477 1371 1035 1120 1360 1247 1231 1151 1243 1427 1108 1193 1208 1347 1453 1181 1354 1438 1463 1107 1222 1320 1254 1307 1249 1289 1234 1382 1609 1201 1211 1157 1234 1194 1410 1295 1133 1092 1380 1278 1285 1204 1401 1284 1234 1238 1305 1262 1380 1440 1413 1590 1326 1469 1547 1289 1185 1311 1317 1316 1427 
1199 1243 1393 1394 1326 1127 1183 1336 1325 1408 1155 1279 1360 1040 1072 1271 1289 1548 1180 1264 1415 1329 1177 1366 1330 1329 1349 1282 1318 1179 1360 1459 1153 1255 1214 1195 1161 1365 1216 1199 1242 1344 1184 1256 1141 1253 1225 1228 1274 1258 1298 1275 1430 1560 1660 1226 1403 1363 1340 1314 1315 1163 1177 1429 
1390 1457 1694 1495 1358 1192 1191 1455 1489 1551 1168 1370 1453 1171 1279 1379 1391 1656 1248 1423 1591 1434 1215 1301 1556 1459 1401 1256 1506 1302 1506 1599 1283 1340 1273 1285 1130 1521 1451 1201 1416 1539 1269 1371 1207 1534 1429 1304 1503 1323 1480 1530 1555 1536 1487 1351 1460 1524 1439 1453 1509 1423 1367 1544 
1147 1266 1463 1191 1150 1131 939 1219 1230 1182 1078 1170 1234 952 998 1107 1199 1342 1058 1296 1343 1291 1059 1079 1272 1134 1270 1192 1175 1056 1317 1408 1087 1158 936 1236 1087 1346 1257 1189 1151 1250 1058 1195 1059 1232 1297 1157 1223 1156 1090 1200 1390 1284 1275 1134 1339 1275 1230 1116 1316 1154 1138 1425 
1185 1209 1470 1543 1176 931 1206 1295 1298 1253 1000 1108 1258 1100 1078 1281 1238 1450 1213 1335 1380 1444 1063 1158 1243 1321 1238 1011 1307 1058 1252 1475 1242 1272 1212 1080 1025 1267 1297 1035 1191 1314 1296 1209 1045 1404 1260 1187 1170 1298 1229 1484 1421 1397 1400 1203 1382 1418 1381 1271 1288 1264 1214 1303 
1193 1368 1623 1475 1450 1218 1366 1464 1382 1474 1136 1182 1398 1056 1253 1511 1352 1586 1238 1593 1563 1437 1312 1324 1504 1492 1454 1320 1367 1296 1503 1618 1316 1364 1263 1295 1042 1539 1428 1163 1327 1557 1327 1331 1123 1534 1451 1416 1506 1330 1415 1482 1611 1475 1535 1293 1561 1558 1492 1463 1405 1405 1381 1492 
1088 1267 1538 1525 1180 1072 1054 1372 1250 1339 1093 1231 1353 1088 1174 1283 1336 1492 1109 1352 1479 1392 1144 1081 1326 1351 1325 1227 1230 1187 1277 1484 1172 1290 1115 1265 1068 1459 1263 1121 1078 1446 1238 1352 1249 1534 1251 1224 1149 1264 1303 1421 1353 1389 1462 1201 1475 1399 1280 1176 1265 1284 1226 1355 
1151 1417 1627 1542 1336 1256 1159 1419 1275 1575 1177 1179 1542 1193 1282 1534 1476 1597 1246 1476 1516 1411 1209 1292 1417 1452 1465 1408 1427 1455 1466 1634 1272 1128 1291 1241 1254 1530 1382 1178 1378 1435 1286 1315 1276 1353 1278 1321 1409 1335 1457 1507 1585 1566 1706 1303 1531 1580 1494 1477 1443 1480 1289 1568 
1245 1397 1418 1410 1286 1071 1131 1426 1265 1325 1074 1351 1350 1170 1128 1267 1235 1499 1107 1261 1443 1283 1232 1199 1447 1375 1388 1222 1294 1190 1307 1527 1223 1097 1164 1163 1010 1380 1188 1221 1169 1403 1233 1308 1095 1351 1308 1232 1343 1142 1277 1372 1513 1502 1494 1311 1395 1419 1383 1302 1467 1240 1175 1310 
1411 1634 1691 1531 1638 1351 1410 1633 1547 1586 1350 1515 1782 1227 1246 1706 1553 1768 1356 1618 1698 1698 1384 1545 1657 1628 1629 1538 1771 1622 1769 1911 1431 1489 1482 1504 1338 1671 1574 1381 1606 1724 1574 1530 1379 1541 1551 1530 1686 1463 1528 1627 1880 1725 1762 1538 1604 1722 1666 1624 1693 1550 1450 1730 
1024 1075 1217 1188 1013 967 963 1127 1094 1166 923 1024 1119 918 991 1120 1125 1219 1004 1089 1101 1187 1021 970 1137 1131 1029 961 1143 1065 1201 1236 1036 1028 938 1141 986 1131 1072 843 1092 1084 1072 1228 948 1088 1108 1026 1047 1030 1104 1123 1215 1155 1224 1074 1129 1073 1042 1017 1131 1180 1068 1172 
1077 1319 1449 1348 1297 1140 1134 1415 1242 1370 1052 1120 1310 1134 1117 1266 1233 1498 1125 1405 1537 1248 1143 1274 1489 1408 1361 1379 1241 1236 1268 1668 1154 1124 1241 1174 1059 1409 1278 1144 1175 1376 1246 1184 1134 1467 1331 1220 1351 1254 1275 1300 1506 1350 1456 1123 1420 1337 1362 1317 1316 1264 1216 1397 
1277 1454 1701 1430 1379 1208 1220 1521 1370 1474 1202 1249 1473 1170 1203 1408 1405 1473 1133 1422 1544 1381 1182 1311 1478 1401 1385 1401 1503 1279 1449 1701 1165 1296 1323 1229 1136 1466 1400 1247 1376 1501 1341 1363 1346 1543 1321 1317 1340 1367 1442 1479 1482 1530 1647 1250 1610 1443 1472 1320 1411 1369 1228 1429 
1221 1367 1510 1427 1235 982 1224 1444 1293 1413 1010 1147 1315 1136 1222 1318 1242 1465 1141 1317 1359 1315 1180 1205 1444 1368 1417 1247 1441 1185 1360 1545 1196 1236 1153 1243 1024 1380 1384 1168 1224 1400 1288 1303 1152 1388 1337 1274 1297 1277 1298 1534 1526 1442 1424 1185 1560 1468 1434 1323 1301 1331 1250 1409 
1207 1313 1586 1436 1279 1048 1068 1305 1156 1444 1114 1361 1309 1127 1105 1312 1411 1549 1289 1328 1458 1315 1053 1333 1433 1365 1219 1300 1141 1293 1304 1459 1160 1291 1051 1303 1052 1483 1213 1157 1185 1307 1176 1383 1215 1376 1325 1212 1245 1349 1270 1338 1477 1369 1520 1316 1448 1522 1283 1302 1382 1324 1250 1522 
1207 1194 1418 1367 1227 983 1109 1300 1294 1418 1024 1162 1405 1104 1164 1347 1403 1357 1264 1171 1387 1249 1148 1235 1446 1336 1303 1242 1240 1254 1292 1484 1069 1325 1171 1288 1052 1217 1225 1161 1228 1177 1189 1228 1200 1400 1186 1076 1250 1144 1134 1397 1409 1395 1350 1170 1539 1325 1463 1175 1247 1210 1194 1435 
1012 1155 1209 1287 1178 1009 1001 1274 1059 1232 946 1035 1304 968 933 1260 1172 1308 993 1302 1253 1170 1033 1215 1252 1254 1311 1145 1173 1146 1195 1307 1118 1108 1084 983 934 1157 1079 1001 1144 1256 1122 1137 965 1183 1164 1039 1115 1066 1076 1190 1339 1254 1389 1075 1198 1250 1227 1192 1131 1034 1059 1279 
1222 1354 1505 1446 1383 1118 1201 1407 1304 1385 1175 1320 1496 1200 1175 1374 1458 1498 1274 1367 1459 1255 1095 1401 1529 1259 1412 1256 1329 1278 1483 1699 1163 1333 1174 1335 1127 1524 1265 1236 1321 1353 1228 1454 1221 1409 1468 1325 1499 1278 1274 1442 1543 1500 1443 1415 1427 1594 1413 1301 1531 1426 1227 1468 
1279 1301 1519 1218 1278 1122 968 1338 1346 1213 1027 1237 1432 908 975 1252 1342 1503 888 1174 1342 1244 1120 1064 1269 1238 1256 1236 1389 1160 1354 1554 1161 1172 1119 1281 1068 1346 1365 1056 1243 1373 1130 1149 1121 1250 1245 1049 1354 1037 1215 1282 1367 1472 1305 1253 1237 1296 1350 1329 1430 1088 1147 1363 
1104 1316 1258 1383 1304 904 1189 1264 1211 1370 1048 1147 1188 1048 1098 1224 1233 1391 1184 1237 1431 1336 1052 1253 1341 1287 1266 1116 1216 1128 1202 1425 1154 1143 1142 1285 990 1196 1237 1032 1150 1294 1253 1197 1011 1326 1321 1109 1162 1155 1142 1307 1457 1334 1456 1102 1437 1264 1280 1151 1297 1247 1313 1339 
1101 1330 1454 1382 1368 1129 1282 1401 1221 1434 1065 1267 1393 1093 1288 1434 1374 1454 1216 1263 1500 1268 1199 1349 1434 1278 1291 1271 1305 1416 1454 1565 1111 1317 1146 1284 1098 1401 1307 1187 1274 1388 1268 1354 1257 1458 1330 1223 1358 1260 1373 1425 1434 1405 1491 1196 1453 1396 1432 1266 1305 1337 1340 1414 
1148 1322 1502 1439 1321 1095 1139 1287 1328 1245 1216 1236 1471 965 1210 1295 1285 1400 1160 1444 1432 1205 1100 1174 1370 1333 1319 1277 1312 1286 1402 1668 1179 1197 1186 1271 1040 1393 1356 1286 1167 1423 1175 1368 1295 1368 1268 1222 1473 1215 1181 1276 1432 1475 1514 1270 1322 1418 1382 1180 1438 1207 1163 1449 
1173 1270 1407 1342 1212 1022 1126 1269 1217 1355 1045 1130 1252 974 1198 1317 1197 1394 1044 1253 1405 1137 1127 1120 1297 1195 1268 1172 1334 978 1229 1403 1146 1136 1079 1247 1067 1341 1210 1029 1150 1340 1052 1147 1132 1267 1274 1054 1290 1126 1219 1214 1311 1361 1372 1222 1309 1381 1264 1142 1379 1253 1096 1306 
1351 1412 1528 1529 1336 1172 1253 1430 1364 1558 1286 1296 1510 1210 1262 1444 1474 1531 1196 1589 1488 1302 1220 1249 1492 1529 1446 1432 1432 1423 1440 1639 1248 1364 1332 1520 1159 1555 1430 1253 1330 1312 1285 1502 1277 1396 1389 1319 1457 1234 1378 1454 1619 1622 1606 1298 1561 1521 1463 1409 1500 1305 1202 1613 
1209 1232 1518 1519 1338 999 1131 1325 1311 1321 1014 1138 1424 1023 1199 1285 1291 1463 1250 1285 1331 1292 1163 1174 1373 1305 1263 1186 1252 1151 1259 1492 1173 1175 1179 1163 972 1279 1260 1133 1198 1312 1220 1203 1153 1252 1266 1057 1321 1196 1185 1374 1425 1387 1394 1237 1404 1485 1444 1269 1453 1247 1126 1339 
1258 1334 1516 1322 1164 1172 1366 1361 1280 1397 1185 1184 1270 1072 1171 1381 1269 1479 1149 1353 1399 1306 1150 1228 1422 1388 1271 1311 1331 1124 1491 1576 1114 1285 1185 1300 1062 1454 1366 1120 1318 1324 1245 1270 1275 1312 1317 1227 1321 1270 1273 1466 1465 1477 1370 1225 1469 1324 1388 1283 1452 1373 1202 1416 
1027 1258 1317 1164 1267 970 1067 1240 1175 1389 1019 1094 1126 921 951 1099 1144 1317 1031 1244 1228 1239 1153 1195 1168 1184 1311 1181 1151 1120 1388 1346 1041 1090 1033 1233 1099 1295 1215 1003 1112 1228 1111 1145 1080 1375 1094 1114 1168 1139 1060 1159 1246 1234 1393 1095 1304 1170 1185 1117 1190 1164 1180 1314 
1254 1359 1524 1523 1408 1100 1236 1529 1501 1489 1080 1262 1502 1179 1190 1364 1353 1506 1271 1450 1496 1524 1389 1465 1663 1331 1501 1339 1413 1211 1525 1597 1285 1381 1163 1388 1225 1414 1400 1169 1312 1426 1311 1346 1295 1468 1425 1336 1294 1441 1285 1350 1598 1589 1574 1283 1591 1540 1430 1348 1361 1391 1283 1576 
1299 1374 1656 1445 1315 1105 1110 1371 1316 1411 1291 1321 1489 1102 1222 1393 1368 1603 1201 1379 1499 1299 1230 1314 1512 1344 1455 1389 1491 1377 1461 1677 1157 1375 1243 1474 1120 1451 1522 1447 1386 1461 1335 1367 1239 1349 1361 1337 1383 1243 1438 1467 1506 1634 1589 1329 1608 1417 1536 1285 1417 1263 1255 1589 
1100 1295 1317 1181 1226 1020 1136 1288 1155 1275 1023 1190 1185 941 1038 1299 1115 1409 1041 1161 1515 1280 1012 1276 1311 1233 1235 1251 1181 1073 1221 1458 1118 1143 1018 1177 1061 1303 1277 1180 1205 1353 1197 1206 1138 1302 1297 1165 1157 1246 1236 1261 1406 1350 1509 1110 1320 1252 1273 1130 1260 1230 1227 1335 
1282 1363 1583 1516 1333 1029 915 1388 1358 1420 1077 1200 1354 1133 1103 1363 1383 1684 1049 1337 1422 1262 1179 1263 1405 1343 1449 1203 1382 1241 1405 1581 1190 1177 1302 1214 1164 1323 1446 1057 1278 1438 1324 1304 1196 1392 1316 1219 1393 1155 1297 1404 1354 1550 1493 1290 1380 1365 1525 1409 1365 1271 1215 1451 
1527 1557 1732 1614 1416 1317 1345 1440 1463 1624 1293 1393 1543 1202 1260 1573 1482 1736 1359 1613 1698 1568 1287 1477 1574 1639 1422 1527 1603 1409 1515 1792 1501 1394 1400 1382 1216 1576 1544 1312 1532 1668 1463 1517 1306 1588 1541 1405 1619 1450 1488 1609 1768 1670 1731 1466 1535 1609 1532 1625 1599 1406 1400 1703 
1174 1182 1331 1355 1247 1004 1074 1365 1162 1299 1000 1145 1311 1095 1001 1317 1230 1478 1059 1285 1374 1316 1198 1340 1369 1275 1317 1359 1235 1080 1288 1468 1125 1077 1171 1071 1069 1266 1246 1070 1148 1373 1238 1178 1236 1257 1241 1193 1267 1059 1086 1210 1387 1468 1417 1239 1362 1329 1351 1279 1261 1153 1147 1318 
1361 1329 1516 1499 1459 1077 1136 1468 1374 1530 1129 1344 1516 1185 1234 1318 1403 1612 1333 1391 1501 1517 1213 1336 1373 1362 1318 1313 1432 1254 1436 1608 1316 1227 1363 1407 1204 1453 1328 1200 1306 1512 1285 1426 1203 1466 1436 1311 1438 1255 1434 1443 1627 1531 1584 1418 1465 1620 1409 1424 1363 1371 1330 1516 
1306 1526 1638 1457 1573 1313 1321 1443 1484 1595 1231 1350 1551 1149 1278 1422 1511 1674 1320 1438 1683 1475 1338 1578 1474 1445 1482 1393 1573 1330 1591 1720 1286 1345 1310 1303 1282 1423 1553 1288 1467 1629 1398 1435 1349 1592 1394 1292 1366 1447 1442 1555 1597 1600 1677 1417 1595 1613 1467 1433 1493 1362 1435 1525 
1274 1417 1702 1617 1305 1112 1139 1432 1411 1477 1291 1418 1504 1174 1390 1587 1545 1579 1110 1537 1604 1522 1251 1223 1612 1347 1496 1366 1475 1324 1410 1618 1370 1457 1287 1511 1244 1466 1472 1268 1364 1533 1395 1410 1367 1536 1359 1335 1332 1308 1326 1438 1639 1590 1565 1400 1624 1397 1455 1411 1572 1464 1366 1592 
1088 1310 1474 1369 1326 1001 1196 1416 1203 1387 1126 1180 1439 1061 1191 1387 1250 1358 1088 1411 1383 1405 1105 1276 1393 1300 1397 1270 1320 1277 1348 1473 1080 1332 1166 1110 1190 1237 1280 1041 1351 1371 1235 1234 1124 1244 1140 1104 1245 1361 1289 1215 1495 1461 1619 1216 1405 1396 1393 1341 1246 1327 1261 1422 
1004 1298 1450 1425 1416 1016 1171 1431 1239 1279 1130 1179 1436 1115 1135 1433 1314 1366 1107 1307 1516 1434 1234 1247 1421 1361 1419 1260 1282 1242 1365 1574 1207 1214 1151 1180 1137 1380 1236 1031 1165 1570 1308 1291 1089 1424 1388 1250 1276 1173 1334 1324 1494 1419 1584 1275 1484 1512 1427 1275 1328 1364 1276 1318 
1264 1408 1586 1577 1334 1199 1193 1502 1414 1514 1221 1198 1563 1285 1254 1434 1509 1526 1225 1608 1411 1558 1334 1275 1721 1436 1546 1433 1526 1383 1486 1761 1300 1202 1343 1375 1221 1346 1528 1136 1350 1495 1425 1378 1264 1473 1410 1348 1398 1299 1312 1491 1616 1562 1613 1349 1680 1446 1486 1419 1461 1454 1310 1661 
1252 1484 1508 1364 1506 1262 1419 1433 1347 1439 1145 1230 1368 1069 1170 1357 1348 1425 1338 1461 1517 1457 1262 1398 1477 1420 1263 1309 1317 1238 1600 1645 1189 1272 1263 1352 1166 1402 1402 1196 1348 1488 1279 1286 1188 1516 1385 1250 1499 1363 1381 1416 1618 1454 1550 1257 1491 1499 1447 1379 1395 1345 1266 1503 
1288 1341 1577 1441 1158 1138 1178 1317 1332 1372 1096 1271 1431 1057 1219 1355 1422 1581 1213 1263 1563 1391 1028 1127 1302 1366 1163 1262 1343 1110 1244 1597 1228 1228 1259 1228 1190 1514 1313 1252 1223 1410 1311 1305 1275 1372 1211 1266 1431 1310 1293 1343 1393 1472 1617 1388 1398 1442 1349 1272 1393 1428 1222 1376 
1123 1152 1451 1325 1157 929 1034 1210 1247 1351 920 1056 1217 946 942 1219 1270 1400 1111 1244 1417 1184 1039 1162 1279 1306 1123 1126 1256 1074 1258 1372 1203 1097 1153 1132 974 1227 1348 1022 1133 1359 1057 1241 1082 1343 1127 1177 1188 1219 1195 1233 1345 1232 1380 1032 1225 1367 1325 1192 1262 1170 1022 1346 
1148 1241 1630 1384 1205 1048 1080 1391 1236 1361 1112 1265 1434 1037 1146 1341 1265 1456 1069 1307 1433 1237 1230 1184 1413 1368 1368 1383 1369 1250 1423 1470 1140 1221 1173 1297 1110 1504 1289 1137 1159 1393 1206 1272 1278 1348 1262 1372 1261 1308 1280 1391 1310 1260 1445 1303 1528 1461 1492 1149 1207 1323 1116 1435 
1170 1307 1424 1428 1300 1076 1269 1344 1326 1332 1166 1303 1330 1030 1121 1272 1232 1380 1218 1381 1533 1294 1138 1320 1497 1370 1322 1318 1273 1235 1353 1558 1128 1227 1255 1209 1072 1379 1337 1261 1211 1313 1280 1248 1321 1383 1162 1327 1356 1392 1318 1307 1475 1466 1638 1262 1505 1377 1382 1296 1297 1198 1225 1463 
1163 1256 1558 1278 1407 1122 1129 1377 1379 1315 1124 1240 1465 1104 1153 1285 1407 1344 1234 1290 1486 1379 1199 1265 1502 1255 1300 1319 1293 1195 1440 1590 1129 1224 1117 1324 1107 1282 1335 1212 1218 1420 1257 1257 1195 1416 1335 1159 1276 1220 1248 1326 1549 1349 1427 1323 1520 1387 1490 1253 1353 1314 1281 1444 
1199 1345 1495 1348 1297 1119 1211 1278 1298 1348 1199 1184 1279 1006 1106 1306 1316 1453 1189 1474 1531 1375 1039 1219 1400 1378 1252 1247 1291 1185 1429 1506 1199 1218 1251 1263 1004 1355 1360 1166 1218 1385 1300 1127 1199 1351 1281 1216 1283 1298 1126 1408 1559 1415 1444 1203 1452 1469 1401 1377 1424 1243 1223 1473 
1274 1447 1488 1356 1408 1187 1276 1469 1299 1500 1228 1327 1376 1160 1307 1381 1255 1559 1251 1483 1545 1267 1250 1398 1612 1421 1392 1251 1430 1388 1451 1629 1076 1396 1291 1311 1202 1360 1430 1220 1383 1365 1289 1374 1249 1509 1336 1325 1346 1474 1506 1384 1530 1509 1592 1185 1497 1434 1479 1359 1342 1424 1275 1484 
1266 1493 1689 1696 1444 1037 1361 1487 1458 1531 1178 1288 1476 1302 1413 1513 1456 1593 1350 1533 1639 1511 1304 1357 1631 1486 1501 1344 1406 1355 1524 1782 1362 1396 1486 1367 1237 1534 1478 1266 1362 1514 1490 1330 1231 1619 1371 1420 1579 1438 1434 1499 1680 1573 1641 1457 1687 1664 1525 1509 1535 1548 1427 1599 
1071 1184 1498 1482 1338 1100 1170 1422 1319 1426 1204 1269 1433 1133 1028 1407 1406 1380 1196 1471 1379 1488 1124 1290 1426 1361 1523 1293 1335 1320 1436 1540 1286 1282 1240 1301 1180 1469 1328 1130 1337 1445 1217 1331 1188 1365 1362 1395 1242 1183 1370 1438 1547 1436 1588 1282 1597 1527 1289 1214 1391 1382 1225 1520 
1055 1186 1326 1275 1101 975 1049 1161 1209 1227 930 1042 1159 836 984 1242 1201 1388 985 1151 1316 1016 1072 1068 1015 1294 1195 1099 1208 1076 1103 1388 1015 1131 1055 1120 1041 1192 1173 973 1092 1212 1096 1155 1117 1230 1137 1054 1220 1163 1072 1176 1183 1201 1313 1116 1207 1209 1273 1165 1249 1152 1101 1196 
1139 1270 1312 1338 1255 1048 1115 1267 1290 1262 1095 1290 1337 945 992 1134 1257 1352 1122 1272 1422 1279 1080 1279 1277 1270 1263 1288 1249 1232 1357 1422 1080 1104 1108 1286 1066 1326 1303 1124 1162 1278 1130 1344 1238 1360 1189 1117 1247 1199 1146 1307 1467 1383 1451 1215 1216 1318 1313 1158 1408 1198 1238 1339 
1206 1198 1419 1408 1290 951 1065 1191 1217 1416 1111 1165 1294 1088 1090 1432 1306 1417 1163 1466 1356 1297 1098 1191 1557 1285 1324 1160 1304 1223 1349 1477 1161 1213 1257 1223 1118 1189 1436 1028 1198 1376 1253 1154 1156 1406 1194 1252 1386 1137 1101 1294 1385 1338 1462 1229 1484 1370 1385 1244 1295 1267 1123 1496 
