0 27 27 4 36 71 58 20 25 0 30 0 53 20 0 0 15 48 48 4 18 12 13 52 0 48 42 9 16 24 21 0 16 70 0 12 0 0 54 24 30 35 0 52 0 4 2 0 0 0 0 0 18 0 0 24 10 0 0 32 45 0 0 3 
9 0 0 48 9 0 0 54 0 45 72 0 0 0 0 54 0 0 0 0 0 50 9 0 0 0 0 0 0 0 31 0 0 0 27 10 0 4 81 0 72 0 0 0 0 0 0 48 0 0 42 0 0 0 0 0 0 16 36 0 0 0 0 2 
2 0 0 8 72 0 0 36 0 16 2 0 5 0 16 0 0 44 102 0 27 82 23 10 4 137 0 12 10 0 2 0 54 31 0 5 0 8 4 15 0 6 0 0 18 0 3 0 0 4 12 16 21 0 6 45 5 0 27 52 0 16 0 4 
0 4 0 0 24 6 20 0 52 0 20 0 11 0 24 0 3 12 68 0 54 0 3 4 0 6 52 36 46 16 0 6 7 0 0 0 0 0 57 30 20 19 0 8 8 0 0 35 0 0 56 0 0 15 57 0 0 0 32 40 9 0 27 0 
17 0 36 0 114 16 32 0 41 18 0 3 8 36 24 0 56 0 0 0 5 48 0 0 0 32 24 12 0 0 72 0 0 12 94 36 78 153 0 24 15 0 20 36 60 4 0 25 0 45 36 4 39 0 116 0 0 8 64 0 0 0 20 47 
0 0 0 0 0 30 42 0 0 0 0 0 3 30 0 27 7 18 18 0 0 45 84 116 0 14 0 63 6 0 9 0 24 0 86 18 0 36 0 9 0 9 0 18 0 0 0 0 0 7 0 0 0 0 0 36 89 0 0 3 0 0 0 81 
0 28 36 3 0 0 0 0 28 6 0 0 0 0 24 0 0 21 16 0 0 0 0 0 0 0 0 30 0 0 28 0 0 32 0 0 0 0 6 0 0 9 0 0 27 0 0 0 0 6 22 0 0 0 0 0 0 0 0 15 0 24 0 4 
9 0 0 0 0 0 0 0 0 0 0 0 0 0 0 6 9 5 0 0 16 0 0 0 0 0 8 0 2 0 63 22 0 0 7 0 0 0 2 0 10 0 0 0 36 14 0 2 12 0 0 9 9 6 0 0 0 0 0 0 0 0 2 0 
30 0 0 36 6 15 0 27 72 30 0 21 0 0 27 0 0 54 30 0 0 50 0 12 0 72 0 48 0 0 12 81 48 0 0 42 0 0 0 18 12 0 27 0 3 0 0 0 0 9 27 0 63 0 42 27 45 0 36 6 0 21 0 27 
60 18 72 0 104 32 64 54 45 0 0 0 0 72 0 0 71 0 122 0 8 48 81 101 0 14 22 24 56 18 36 8 36 24 30 48 0 0 1 81 5 0 40 135 121 7 81 0 6 7 80 0 53 0 93 36 35 16 0 0 117 27 1 117 
12 9 0 9 108 20 45 23 5 0 45 0 0 0 0 0 0 0 0 5 0 47 0 0 0 0 99 0 0 36 0 0 0 30 0 0 0 0 81 0 108 0 0 0 0 5 45 45 0 144 0 0 0 27 0 0 54 0 81 0 0 0 0 0 
0 0 0 19 10 0 0 6 0 0 0 0 0 0 0 27 0 0 0 0 0 0 0 0 0 0 12 63 0 12 0 0 0 0 72 0 0 0 0 0 31 25 0 0 0 0 15 0 0 33 0 0 0 9 10 0 86 0 15 0 0 0 0 0 
5 0 0 0 6 51 62 87 45 36 0 60 0 30 0 36 0 0 0 0 0 38 27 60 2 0 0 0 0 0 40 12 58 0 0 18 18 0 0 6 12 0 0 18 19 21 0 0 0 15 54 8 0 20 0 81 8 27 20 12 0 0 0 57 
0 0 4 0 0 0 10 113 3 30 0 47 24 0 30 54 8 24 24 0 0 0 4 72 0 34 0 42 8 0 0 0 0 0 64 8 0 37 0 12 0 6 0 0 4 0 0 0 0 29 63 20 0 25 14 63 81 32 2 4 5 0 0 135 
0 0 0 0 42 0 16 0 1 0 0 0 36 0 0 0 12 0 0 0 0 12 4 0 0 75 0 6 0 0 14 0 32 9 53 5 63 72 0 0 20 28 10 50 0 0 0 0 0 0 0 0 27 0 18 0 0 24 0 36 36 0 0 35 
6 8 0 3 48 0 0 0 24 0 0 0 0 6 0 0 3 0 48 0 18 48 0 80 0 84 63 14 0 0 0 27 36 0 27 0 10 28 0 0 0 0 0 0 0 0 0 0 0 3 70 0 21 21 0 30 30 0 18 6 0 0 0 27 
12 56 72 54 0 30 0 0 61 0 0 0 0 0 54 0 0 0 0 0 0 0 0 20 0 25 9 24 26 0 56 0 48 64 3 3 0 49 35 36 0 0 54 0 0 0 0 0 0 0 8 0 10 28 6 0 0 12 0 5 0 42 45 8 
0 40 0 0 18 0 0 0 89 64 0 42 0 56 0 6 13 5 0 0 0 24 0 0 32 0 0 15 2 0 0 30 12 0 13 0 32 0 0 5 3 0 0 20 0 0 0 47 0 27 0 9 31 6 28 0 0 0 60 0 0 0 4 40 
0 0 0 56 54 0 18 0 16 0 0 0 36 0 66 12 18 10 12 0 0 0 0 0 0 9 12 0 4 0 35 12 32 0 14 19 0 30 0 12 20 0 54 0 4 0 0 105 0 81 49 54 66 57 20 0 9 0 112 0 9 0 18 0 
7 0 0 0 15 0 12 0 0 10 56 0 72 0 0 0 0 0 0 18 0 59 0 18 0 16 56 0 16 14 16 35 32 0 21 0 0 0 135 0 72 56 0 0 4 0 0 0 0 0 0 0 0 40 40 63 7 0 0 16 0 0 72 0 
0 0 8 0 0 36 32 37 9 0 0 24 0 0 0 0 8 0 0 9 0 67 72 64 0 24 0 0 0 0 8 0 0 54 16 0 0 52 0 0 0 0 0 0 8 9 0 0 0 8 0 0 0 32 28 0 40 0 4 0 0 0 0 88 
3 0 0 8 3 28 0 23 58 0 38 33 32 0 0 0 0 0 0 7 56 48 0 0 0 20 32 0 0 0 0 10 6 42 9 35 0 0 27 0 80 16 0 0 0 7 40 42 0 56 0 16 0 24 48 18 57 0 52 0 0 0 0 28 
0 0 0 0 14 0 16 0 28 0 0 0 0 0 21 0 16 0 54 0 0 27 36 0 0 0 21 6 0 18 3 15 0 0 28 0 0 12 0 102 12 24 10 18 7 0 81 0 0 0 0 0 46 0 85 27 3 4 32 0 54 0 16 6 
0 0 0 0 0 0 0 30 57 0 0 0 0 0 24 0 0 0 26 0 0 30 94 25 0 0 24 0 0 0 6 0 76 0 0 15 0 39 0 24 35 0 27 25 8 0 0 0 0 0 0 0 24 0 40 0 0 36 59 0 35 15 9 42 
0 9 0 9 54 0 93 0 0 58 45 0 0 0 72 0 0 63 106 72 0 0 7 40 0 0 63 54 0 106 0 0 0 0 0 0 0 0 163 63 45 27 0 0 81 0 63 0 0 18 70 0 14 0 0 0 0 0 0 45 42 72 0 0 
14 14 0 57 38 0 0 18 14 81 0 0 0 0 0 0 18 0 8 0 0 8 0 0 0 9 50 6 0 36 28 0 6 0 0 54 27 0 0 2 93 48 0 22 63 18 45 12 0 99 0 0 24 27 38 33 96 0 62 1 0 0 0 16 
0 10 72 22 84 42 0 0 0 24 0 0 63 86 50 0 85 28 0 0 0 0 7 4 8 0 0 24 0 0 18 31 64 24 63 48 89 81 8 12 30 101 18 56 76 0 0 0 0 8 96 0 0 0 0 45 5 0 0 20 63 46 0 45 
0 0 4 63 0 35 0 32 27 0 0 43 0 0 63 36 54 30 0 0 0 12 0 14 0 4 0 0 12 0 0 36 62 0 42 0 0 10 0 42 0 0 63 0 4 0 0 12 0 6 18 54 54 36 14 18 0 0 14 0 0 49 0 18 
0 0 0 8 36 71 21 81 28 0 12 45 0 15 21 18 27 15 32 0 0 54 9 45 0 0 21 0 6 0 41 22 84 0 21 47 6 0 0 23 36 0 0 9 16 7 0 29 0 54 99 27 27 18 71 99 22 37 34 20 0 0 0 85 
0 0 10 2 48 0 0 59 0 24 10 30 0 0 16 24 0 14 0 0 16 0 0 16 0 10 26 12 0 0 0 16 0 0 6 27 0 33 6 0 10 6 0 0 28 14 0 40 12 76 28 0 0 6 65 0 5 8 5 10 0 16 2 0 
4 4 18 0 52 8 0 12 0 10 0 0 0 18 0 12 16 0 40 0 0 40 0 0 0 45 4 0 0 0 8 0 30 6 0 12 0 0 0 0 0 0 0 4 28 0 0 0 0 0 18 0 0 0 0 33 0 0 15 5 0 0 0 0 
0 15 0 0 0 7 62 0 0 69 0 3 24 21 24 0 1 0 0 81 5 0 0 117 12 11 72 0 0 63 0 9 0 0 26 0 12 32 72 0 0 0 0 0 0 0 0 0 0 1 64 20 0 44 0 0 11 0 0 0 4 0 0 16 
0 0 0 0 21 8 24 0 52 0 0 28 0 0 0 0 0 0 0 0 56 34 0 0 0 56 0 57 48 0 0 8 10 7 6 0 0 0 0 0 0 16 15 27 0 0 0 28 0 0 56 0 21 0 47 0 0 6 16 38 0 0 0 0 
14 0 27 72 18 47 32 4 77 0 0 0 1 27 63 0 24 6 6 0 0 0 1 16 0 74 8 9 20 0 0 63 56 9 0 23 0 0 63 48 14 0 63 12 15 0 10 18 0 14 27 0 58 83 12 0 47 20 31 10 0 49 81 24 
0 0 0 0 0 0 16 0 0 0 6 0 32 0 48 27 0 0 0 0 0 0 0 56 0 8 63 63 0 0 0 0 6 0 93 15 0 28 0 0 0 9 0 0 0 0 0 0 0 0 56 32 0 61 18 0 65 0 0 30 8 0 0 0 
42 0 0 40 0 0 0 0 0 0 0 0 0 0 0 51 0 0 0 72 0 30 54 0 0 0 0 63 56 0 31 0 56 0 72 5 0 24 0 0 59 9 0 0 16 0 0 40 0 0 35 0 35 0 93 0 86 0 30 0 0 0 0 12 
48 0 0 0 0 4 0 1 1 0 0 0 54 0 0 0 18 0 0 1 0 19 6 0 0 32 0 0 56 0 0 0 0 10 0 0 0 0 0 0 0 42 0 48 0 1 0 0 0 0 0 0 47 0 21 0 0 0 18 16 54 0 0 0 
24 16 0 56 24 24 0 18 16 0 0 0 9 0 0 30 45 25 12 6 0 18 16 10 0 0 23 0 10 0 123 30 14 36 35 11 0 10 0 0 0 0 18 26 104 6 0 86 0 36 49 45 61 30 5 32 0 0 60 30 14 6 6 12 
5 0 0 0 64 8 8 30 16 30 12 0 0 0 0 0 0 0 64 0 56 64 0 48 10 72 54 48 48 0 0 8 48 0 18 30 0 24 0 0 0 16 0 0 0 0 0 28 0 0 104 40 0 26 56 40 16 0 24 8 0 0 0 0 
4 0 0 0 0 0 0 24 25 24 0 14 45 0 0 0 12 0 0 0 0 8 0 0 8 0 35 3 0 0 0 0 11 0 18 0 0 0 0 1 9 0 0 4 0 0 0 6 0 0 0 32 24 0 53 0 8 0 18 35 0 0 12 8 
0 0 18 0 0 0 0 63 54 0 18 96 0 0 0 6 0 0 0 0 0 24 0 0 0 18 0 14 0 0 0 0 19 0 16 45 0 45 0 0 0 2 0 0 18 0 0 0 0 0 0 0 0 0 117 0 21 0 33 35 0 0 0 0 
0 0 18 0 12 15 0 0 0 0 0 0 0 18 0 0 48 0 0 0 28 25 90 32 0 8 0 42 42 0 5 27 0 6 50 12 30 20 0 10 21 14 0 0 10 35 0 0 0 4 82 0 49 0 70 0 20 45 7 10 0 0 28 66 
1 0 0 0 64 24 0 6 6 0 0 0 5 0 0 24 0 30 94 78 0 82 5 10 0 72 0 0 10 0 7 0 48 36 0 0 0 0 0 15 24 0 0 0 20 6 0 0 0 0 0 0 0 0 72 40 32 0 24 13 0 0 0 0 
2 0 0 1 0 0 14 0 8 0 0 0 28 0 42 36 54 30 0 0 0 0 0 0 0 15 0 0 12 0 0 45 0 0 42 0 0 0 0 0 0 0 0 0 0 0 0 12 0 0 0 82 61 71 0 0 12 0 0 0 7 0 0 0 
4 0 0 0 4 20 0 5 5 0 46 0 27 0 0 0 17 0 0 5 0 35 84 64 0 16 0 0 0 0 0 36 0 30 28 35 54 0 36 18 32 21 0 24 0 68 0 0 0 8 27 0 0 0 42 0 47 81 0 18 27 0 0 108 
0 6 0 48 66 0 30 6 13 0 30 0 0 0 0 0 0 0 4 0 12 0 8 45 0 40 87 0 0 60 0 0 4 5 15 0 0 20 54 0 60 48 0 5 0 0 0 14 0 36 40 0 15 15 32 0 42 0 0 20 7 3 0 6 
1 35 0 0 0 0 0 6 0 62 0 0 0 49 0 0 0 0 0 0 0 0 0 40 30 0 45 0 0 0 0 21 0 0 15 0 28 20 0 0 0 0 0 0 0 0 0 0 0 0 40 8 0 15 0 0 2 0 0 0 0 0 0 0 
14 24 86 7 48 34 0 49 56 0 0 42 0 90 0 27 64 0 0 0 62 0 0 24 0 70 27 117 12 0 0 65 0 24 81 48 30 47 0 0 0 13 0 0 54 0 0 0 0 0 152 0 49 9 53 0 89 0 7 0 0 0 0 0 
6 38 18 0 6 0 0 54 59 0 48 0 0 18 0 9 0 0 36 0 54 30 72 45 0 0 0 69 0 0 14 30 36 16 42 0 30 0 54 0 48 51 0 45 0 0 0 0 0 0 42 0 0 0 0 54 24 0 0 0 63 27 0 56 
17 14 90 5 52 32 0 42 54 42 0 0 45 72 0 3 64 0 0 9 0 30 54 0 14 40 35 6 0 0 22 45 0 40 7 48 9 33 0 0 3 0 0 0 42 0 0 0 0 0 72 56 35 0 34 0 43 0 0 0 0 0 0 19 
0 0 0 0 49 30 98 42 35 72 0 0 0 30 0 0 16 0 28 0 0 42 56 89 0 0 0 21 0 0 0 0 52 0 14 66 24 0 0 0 0 0 35 116 0 16 0 0 0 0 0 0 16 0 63 36 0 14 0 0 49 21 0 42 
4 4 0 0 0 3 36 0 28 50 0 1 6 0 21 0 26 45 41 0 12 15 33 12 0 0 25 26 30 0 11 3 0 0 24 38 15 12 0 39 12 6 0 4 25 10 0 0 0 0 21 0 38 36 80 8 0 4 32 6 0 0 16 6 
10 0 0 5 0 0 42 0 52 35 0 0 0 0 9 0 0 0 0 63 0 0 0 35 0 50 9 0 10 49 0 45 0 0 0 0 0 0 91 9 0 0 0 0 3 0 0 0 0 0 0 0 35 25 15 0 25 0 12 5 0 0 45 0 
16 40 0 8 0 20 28 0 100 64 0 0 0 76 27 30 45 25 0 0 0 40 72 36 32 64 27 0 10 0 8 126 16 0 35 12 32 32 0 27 0 0 0 12 9 0 0 10 0 0 0 45 101 30 45 24 40 0 36 0 0 0 0 16 
0 28 0 0 0 0 18 0 14 0 8 0 36 21 54 0 0 0 0 0 63 0 0 0 0 9 0 55 0 0 0 0 0 0 0 20 35 0 0 2 0 0 0 8 0 0 0 12 0 0 49 36 6 45 32 0 13 0 14 0 9 0 0 16 
0 66 54 0 0 0 0 0 42 0 0 0 0 18 0 0 0 0 0 0 54 0 36 0 0 0 0 60 0 0 42 16 48 48 0 0 54 0 0 8 30 0 0 0 0 28 0 0 0 0 54 0 0 0 0 0 0 36 0 8 0 0 0 22 
0 6 0 0 52 8 30 2 30 0 30 0 0 0 21 0 36 0 0 2 0 6 0 0 0 0 63 0 0 24 8 0 0 12 82 0 36 36 54 21 57 0 0 0 7 2 0 0 0 0 0 0 63 0 107 0 0 0 37 0 0 0 36 20 
0 0 10 0 14 42 0 35 0 0 0 30 0 0 0 0 0 0 8 0 0 8 0 0 0 19 0 0 0 0 0 0 6 0 0 0 0 25 0 0 0 0 0 0 10 0 0 5 0 9 0 0 0 0 35 5 12 0 8 1 0 0 0 0 
0 0 0 0 6 7 0 0 16 0 0 0 0 0 12 0 0 0 0 0 28 35 63 0 0 0 12 42 42 0 7 22 0 0 0 0 0 28 0 12 0 38 0 0 4 0 0 5 0 9 49 0 0 0 34 27 3 0 16 0 0 0 0 14 
15 0 0 8 5 0 0 0 0 0 6 0 72 0 0 0 0 0 0 0 0 40 0 72 0 72 137 0 0 6 0 0 0 9 27 15 0 36 0 0 5 8 0 0 0 0 0 0 0 6 72 0 27 27 63 0 10 0 45 36 0 0 0 0 
0 2 0 0 22 0 10 0 28 0 10 0 0 0 0 0 0 0 0 0 0 30 0 10 0 4 14 12 4 8 20 25 40 0 0 0 0 0 32 4 30 40 0 16 5 0 0 24 0 0 0 0 12 10 16 45 5 0 28 12 0 0 18 32 
0 4 18 4 36 13 27 0 0 8 20 0 0 23 32 0 16 28 0 0 0 0 0 9 0 0 28 24 0 16 0 0 4 6 0 15 0 0 44 0 20 12 0 3 46 0 0 0 0 8 42 0 0 0 0 6 0 0 0 20 0 32 0 0 
0 0 0 0 0 3 0 0 8 0 0 0 4 0 0 0 0 24 32 0 12 20 40 8 0 24 0 18 26 0 4 3 0 0 0 0 0 88 0 12 0 6 0 0 0 0 0 0 0 0 23 0 0 0 6 0 0 0 0 4 0 0 0 8 
48 14 18 1 42 35 80 2 14 0 0 0 0 0 0 0 0 0 0 0 0 36 0 0 0 0 4 24 64 0 14 0 0 16 12 0 0 0 0 0 7 0 30 54 0 0 5 0 0 7 0 0 40 35 78 0 16 12 5 0 0 0 0 2 
