73 16 40 9 0 0 12 21 0 0 0 0 23 40 36 30 8 0 37 0 0 0 15 0 24 48 32 16 24 0 5 24 64 43 52 16 0 0 0 0 120 64 80 24 28 48 0 21 0 80 58 0 0 0 0 61 0 0 42 48 0 89 0 0 
0 3 0 0 0 0 3 0 0 7 0 0 0 6 1 0 0 0 6 28 5 3 6 4 3 6 0 0 7 0 0 8 0 0 28 0 5 28 16 0 0 20 0 0 6 35 0 28 0 0 63 91 6 0 8 0 25 24 0 15 0 14 0 53 
0 0 0 83 0 0 24 0 0 0 0 0 0 0 0 24 0 0 0 24 0 6 0 0 8 0 0 0 0 0 12 0 48 0 0 0 0 0 30 8 0 35 0 0 0 0 14 56 0 0 0 0 42 0 0 8 18 0 0 0 21 0 0 12 
3 37 21 0 0 0 18 0 56 0 20 18 4 63 15 0 0 0 39 24 24 0 24 44 26 45 0 0 24 12 6 0 21 18 0 0 38 0 66 0 10 0 64 6 0 0 0 0 0 21 0 0 19 0 64 5 104 6 0 24 6 0 0 16 
0 6 16 0 0 0 0 28 0 0 16 0 2 1 0 0 0 0 2 0 0 0 28 32 3 9 49 8 0 28 0 0 8 35 0 20 0 0 0 57 58 4 0 6 16 6 0 0 0 8 0 0 0 20 0 0 30 0 35 16 4 40 0 0 
91 60 0 0 21 70 0 3 36 0 0 6 4 2 56 0 24 8 4 0 0 0 0 0 6 18 42 12 9 0 27 0 34 24 9 0 0 0 0 10 54 6 36 35 30 36 0 12 64 0 0 0 0 8 18 30 20 0 0 0 8 30 3 0 
50 75 47 36 0 57 54 56 7 7 18 0 0 36 0 0 0 0 36 0 3 9 40 42 5 26 0 12 0 0 0 0 21 72 74 0 24 6 24 7 0 48 12 0 0 0 0 56 24 76 84 30 0 0 8 59 5 6 0 9 0 33 0 7 
0 0 0 8 0 0 0 0 24 0 0 0 0 10 10 7 0 15 0 18 9 1 0 0 0 0 4 0 0 0 0 0 20 12 15 0 0 0 5 15 28 0 0 7 0 0 0 9 24 14 0 0 10 0 0 0 0 0 0 0 0 0 0 0 
10 54 42 40 0 45 0 20 0 8 36 0 0 7 0 20 0 0 30 47 0 5 0 0 0 63 2 0 8 0 0 0 88 0 24 0 0 0 25 35 14 0 0 42 0 40 0 77 12 0 0 32 20 0 0 6 0 12 40 0 28 16 0 56 
0 0 0 8 0 0 0 0 0 0 0 54 48 13 0 0 0 0 0 6 0 0 42 0 8 15 63 0 0 0 0 0 0 49 0 0 0 63 0 13 0 45 0 6 0 0 8 2 0 0 0 0 18 0 0 20 92 54 49 18 4 56 0 8 
0 0 0 0 0 0 0 0 0 0 0 0 0 0 0 0 0 0 0 0 0 0 0 0 0 0 0 0 0 0 0 0 0 0 0 0 0 0 0 0 0 0 0 0 0 0 0 0 0 0 0 0 0 0 0 0 0 0 0 0 0 0 0 0 
14 0 0 0 0 63 0 28 0 0 48 0 0 24 0 16 0 64 42 0 0 0 0 0 0 0 0 0 0 0 0 0 0 56 24 0 0 0 0 0 0 0 32 0 0 0 0 0 40 48 0 0 0 0 0 0 0 0 56 0 0 0 0 0 
0 50 0 0 0 0 30 0 0 0 0 0 14 0 0 0 6 24 14 0 0 18 0 0 21 42 28 0 0 0 18 54 56 0 10 0 0 28 0 0 60 26 0 0 0 42 0 0 10 0 0 6 0 0 0 0 0 24 0 12 0 0 0 0 
0 6 0 16 0 43 41 0 63 7 0 0 0 57 47 0 0 0 18 28 37 33 0 12 30 15 0 0 7 0 0 16 0 54 65 0 15 0 29 0 0 0 84 18 12 35 0 28 0 87 0 38 39 0 88 0 45 0 0 0 0 41 0 70 
0 64 0 0 48 64 72 0 14 0 0 0 0 0 0 0 96 0 0 0 6 0 0 0 2 0 16 0 12 0 0 0 0 18 0 96 0 0 72 0 0 36 16 32 0 0 0 16 0 0 0 0 0 0 16 0 10 0 72 24 0 48 0 36 
52 48 6 0 54 18 40 14 0 24 0 72 70 39 0 0 8 32 0 3 0 42 53 0 8 13 18 16 0 0 81 72 30 48 65 0 7 0 0 2 24 8 56 24 0 0 0 14 45 16 12 8 8 0 0 70 20 0 22 27 0 80 0 16 
0 54 63 30 0 0 66 0 0 0 39 0 14 48 63 0 14 64 58 24 0 0 0 28 0 0 0 6 0 66 21 0 8 0 0 28 104 0 42 16 0 40 42 0 49 0 0 0 20 6 44 14 112 0 0 7 2 0 64 2 0 0 0 0 
14 68 0 0 0 24 0 0 0 0 6 2 12 10 10 0 20 0 0 0 0 0 0 6 0 0 18 4 0 36 76 0 0 34 0 9 24 0 0 0 0 2 12 10 56 8 0 6 35 14 0 0 6 0 6 16 12 0 41 9 0 26 1 0 
4 9 16 0 72 0 0 63 40 14 36 81 72 35 35 5 0 25 0 25 15 0 45 0 0 0 0 0 18 63 0 0 0 69 25 0 0 68 0 111 63 94 0 19 36 0 0 0 0 49 0 0 21 45 0 18 0 48 0 27 0 0 0 54 
0 16 0 0 0 0 0 0 0 0 1 42 2 0 0 0 0 0 0 56 0 0 0 1 0 0 0 0 56 6 3 0 0 0 0 0 4 0 0 0 0 0 0 0 0 0 0 0 0 0 0 0 0 0 0 1 0 0 0 0 0 0 0 0 
37 0 0 0 0 63 21 0 18 0 0 8 16 0 63 10 14 0 28 0 0 63 0 0 28 35 14 14 0 0 0 0 24 14 42 28 3 0 0 32 56 0 112 21 49 0 10 14 48 5 0 0 2 6 0 35 0 0 0 0 0 98 0 49 
30 56 0 0 15 45 18 0 63 0 0 0 28 0 40 35 16 0 0 0 0 24 0 35 0 0 4 10 0 0 0 10 0 0 0 48 0 0 18 15 0 0 0 8 0 0 35 64 30 10 0 0 7 21 0 0 0 0 0 21 25 12 0 30 
22 0 0 0 0 0 0 0 81 0 0 2 78 0 0 45 8 0 0 0 0 0 0 0 0 0 30 0 0 24 81 0 0 4 40 0 36 0 0 0 0 2 0 48 0 8 45 63 46 0 0 0 9 0 6 0 0 0 0 0 0 0 1 0 
52 112 14 0 24 90 25 8 0 0 84 0 0 36 64 0 5 68 12 0 0 15 0 0 56 14 0 0 0 34 0 45 20 0 0 0 0 0 30 0 15 5 0 0 0 0 0 0 32 0 0 5 36 0 0 10 0 4 16 10 0 0 0 0 
0 0 36 0 0 0 0 0 14 5 78 0 0 75 0 14 0 128 0 38 6 64 0 0 2 0 0 0 5 27 0 0 9 49 36 0 42 0 51 12 0 0 44 0 0 25 0 20 35 42 42 62 102 56 16 0 16 0 48 62 0 10 0 35 
85 0 0 0 0 81 0 78 7 0 0 40 49 0 0 0 18 0 66 0 3 0 48 0 1 0 65 0 0 28 0 0 15 54 24 0 57 0 0 0 0 9 8 56 0 0 0 42 7 73 36 0 0 30 8 42 5 0 72 0 0 18 0 0 
0 0 3 0 0 0 0 0 0 0 0 0 0 0 0 0 6 0 4 0 0 0 15 0 0 0 8 0 0 0 0 0 29 0 0 0 0 0 3 0 74 3 0 18 0 0 27 0 48 0 21 21 0 0 0 0 3 27 21 3 0 0 0 21 
40 0 0 0 0 0 0 0 0 0 42 0 4 0 0 0 0 0 0 0 0 40 0 0 49 0 0 16 0 14 0 0 0 16 0 0 0 0 0 16 0 15 48 24 0 0 0 0 0 0 0 0 0 35 0 47 0 0 0 35 9 40 0 0 
50 0 72 0 0 54 15 24 8 63 0 0 0 0 0 1 0 5 66 5 3 0 0 27 15 0 0 10 0 0 0 0 0 8 5 0 25 54 35 68 0 15 24 13 0 0 0 0 0 2 0 0 0 0 0 20 0 0 48 81 9 20 0 0 
45 23 72 0 0 72 0 0 0 63 6 0 65 3 7 2 0 8 2 0 35 93 0 0 35 46 51 0 0 36 0 56 14 7 100 0 54 54 0 63 20 0 36 72 42 6 0 0 26 6 0 0 42 0 56 0 0 0 0 81 0 72 0 56 
12 72 56 36 0 0 27 14 0 0 78 0 0 15 81 10 18 40 36 27 0 0 10 0 36 56 27 0 0 0 0 0 56 74 23 36 0 0 0 36 0 10 74 0 63 0 36 23 25 46 12 0 81 0 0 58 99 16 21 0 6 30 0 0 
12 0 0 0 0 76 0 24 0 4 0 0 18 0 0 0 4 0 36 16 0 0 0 0 0 0 0 0 4 0 81 0 0 0 57 3 0 0 0 72 0 0 0 0 12 20 0 34 45 0 0 16 0 16 0 0 0 0 57 3 0 8 0 28 
18 56 95 0 0 0 12 0 54 69 0 0 24 0 36 30 8 0 16 33 0 0 15 0 0 0 0 0 6 0 49 0 0 0 18 16 21 110 0 69 30 60 24 30 84 30 75 66 35 0 0 24 30 0 0 0 0 93 59 81 12 12 0 77 
20 79 55 12 0 0 18 0 0 0 42 0 0 25 25 0 24 0 28 0 0 0 24 0 0 49 0 8 0 0 0 0 69 38 0 0 8 0 0 0 18 28 24 22 0 0 0 0 8 35 12 0 60 0 0 27 0 14 0 0 0 20 0 0 
54 88 45 10 27 81 10 0 0 0 0 45 50 45 74 0 0 14 10 0 10 6 25 0 15 30 20 0 27 0 0 43 40 0 59 0 0 10 0 0 111 86 9 10 12 30 0 2 36 63 0 0 12 0 16 20 0 0 0 59 0 0 0 0 
14 0 20 0 0 63 9 28 0 0 0 0 0 30 10 0 0 0 60 0 0 0 0 12 9 0 0 0 12 0 0 12 0 12 20 0 15 56 21 0 36 72 4 4 0 0 0 0 0 42 0 0 6 0 0 0 0 48 56 24 0 0 0 0 
63 60 12 0 0 81 0 36 20 0 2 0 4 29 0 0 0 0 54 6 0 0 21 2 0 45 0 18 0 12 55 0 0 18 0 0 22 0 0 44 36 0 54 75 56 0 0 0 35 28 0 0 16 0 0 47 56 0 88 21 32 45 0 14 
8 0 0 0 0 36 9 16 0 0 30 72 64 0 27 0 6 0 36 0 0 0 40 0 35 0 0 0 0 10 0 0 0 0 0 12 0 0 2 0 0 0 18 0 21 0 0 0 0 0 14 14 0 0 0 21 2 0 32 10 0 0 0 0 
38 40 32 0 96 45 0 0 0 64 18 0 9 54 40 0 0 0 0 0 0 0 0 0 21 0 1 0 0 6 0 0 48 0 0 0 0 24 0 28 7 0 0 0 0 0 0 0 26 0 0 0 0 0 0 3 0 0 0 36 0 0 0 0 
16 0 0 0 0 25 0 8 0 0 0 48 0 0 0 0 0 0 12 0 0 0 0 0 0 0 38 0 0 0 0 0 6 0 0 0 18 0 0 0 14 0 0 0 6 0 0 8 12 30 0 0 0 44 0 0 0 0 16 0 0 0 0 0 
0 0 0 0 0 112 0 0 0 0 0 0 0 30 0 0 36 0 0 0 0 0 0 0 0 0 0 0 0 0 0 0 0 0 30 27 0 7 20 0 0 5 0 0 0 0 0 18 0 0 0 25 0 0 0 0 0 6 81 27 0 0 0 0 
0 96 0 0 0 72 0 0 58 0 84 0 0 24 8 16 36 68 0 0 40 24 0 0 42 0 14 0 0 12 63 64 0 56 80 27 0 0 2 0 72 0 32 0 132 0 0 20 85 104 14 14 48 0 64 6 12 0 81 29 0 0 0 0 
4 0 0 0 0 74 0 8 0 0 0 0 0 50 0 0 18 0 24 0 0 0 18 0 0 24 0 0 0 0 0 0 15 0 42 0 0 0 28 40 14 24 0 48 0 0 0 0 0 0 0 35 35 0 0 0 0 0 16 0 41 0 0 0 
7 72 27 142 0 112 81 3 0 0 0 0 56 36 0 0 32 0 54 12 0 0 0 0 16 0 9 0 9 0 40 0 0 7 45 24 36 0 24 16 0 72 0 5 0 0 16 20 36 0 54 30 36 0 0 16 42 0 135 24 0 8 0 0 
48 2 15 5 32 0 8 0 0 0 0 6 46 15 0 0 0 7 6 8 0 0 0 4 3 0 30 12 25 24 0 9 0 24 15 0 41 5 7 16 27 55 39 71 0 0 0 1 6 21 0 0 0 0 0 35 0 0 0 18 0 30 0 24 
39 16 0 64 6 120 0 36 0 0 6 0 21 0 16 32 0 0 54 24 0 8 0 0 7 0 15 0 0 14 0 2 64 0 0 6 18 0 40 3 6 0 0 24 18 0 0 99 13 0 0 0 47 24 0 1 0 0 72 0 5 0 0 6 
4 40 0 20 0 18 67 8 0 0 0 0 0 9 81 0 18 0 48 0 0 0 9 0 0 9 0 0 0 0 35 0 0 0 0 36 0 0 0 0 0 0 54 0 103 0 0 0 25 30 0 0 0 0 0 0 24 0 16 9 0 0 0 6 
90 43 28 52 0 0 0 76 28 0 64 0 0 9 0 78 6 16 13 24 12 5 9 0 16 31 0 0 81 49 0 0 73 14 87 0 0 0 25 68 49 3 40 45 28 0 12 48 10 12 72 0 47 35 32 16 55 8 63 3 0 72 0 2 
0 44 0 0 0 56 6 0 0 0 18 36 0 42 18 0 4 0 8 48 0 0 0 0 21 0 0 0 48 6 28 0 0 0 42 8 0 0 28 0 8 0 12 0 46 0 0 0 20 0 0 35 20 0 0 3 0 0 0 0 0 0 0 0 
0 29 0 0 0 0 0 0 0 0 0 0 8 0 7 0 0 0 8 0 35 21 0 0 12 24 16 0 0 0 0 56 32 0 49 0 0 0 0 0 24 0 0 0 42 24 0 0 0 0 0 0 42 0 56 0 0 0 0 0 0 0 0 0 
15 10 18 0 64 42 0 0 0 0 20 0 45 30 0 0 0 40 10 9 0 0 0 0 15 30 45 0 16 35 0 0 45 24 0 0 51 0 25 6 30 48 0 40 36 30 0 48 5 0 0 0 54 48 0 0 0 0 24 0 0 0 0 48 
72 56 0 24 21 63 48 35 0 0 12 0 0 18 56 0 0 24 0 0 0 0 25 0 0 0 0 0 0 9 0 0 3 45 20 0 0 0 15 0 0 0 0 0 0 0 0 35 28 76 30 0 18 0 0 35 0 0 0 0 0 15 0 0 
0 7 0 0 0 0 0 49 87 0 28 0 32 45 45 40 0 0 0 0 0 0 0 0 0 0 0 0 0 49 0 0 0 54 0 0 0 0 0 56 78 0 0 18 28 0 40 56 0 84 0 0 40 35 0 0 0 0 0 0 0 0 0 0 
0 8 25 32 0 0 0 56 0 8 52 0 0 55 0 0 0 40 0 56 0 0 0 0 32 0 0 0 23 71 0 15 5 0 49 0 0 0 25 96 101 40 5 0 32 40 32 40 0 35 0 32 102 40 0 32 72 0 0 30 0 16 0 56 
30 0 0 9 0 16 0 0 0 0 0 0 7 0 0 30 8 0 5 0 0 0 0 0 0 0 0 6 0 0 5 0 0 6 0 6 0 0 0 0 14 0 18 9 0 0 0 4 0 0 40 0 35 0 0 15 0 0 60 6 0 55 0 0 
46 56 18 36 72 63 54 98 0 0 32 40 0 0 0 0 0 0 36 0 0 63 30 0 28 35 30 0 18 56 63 0 0 81 101 0 39 0 0 64 68 102 28 0 32 0 0 42 59 73 72 0 30 70 0 42 0 0 0 0 0 81 0 103 
0 56 12 0 0 40 45 0 18 0 0 48 8 30 0 10 40 0 0 64 0 0 21 3 0 0 10 0 64 0 27 14 0 0 45 102 0 0 65 36 18 3 0 20 0 0 10 35 29 0 0 25 2 0 0 0 0 0 0 12 35 30 0 42 
20 0 0 0 0 0 0 0 0 0 0 0 0 0 0 0 0 0 0 0 0 0 0 0 0 0 0 8 0 0 0 0 0 8 0 0 0 0 1 0 0 0 24 12 0 0 0 0 0 0 7 7 0 0 0 20 1 0 0 1 0 20 0 0 
21 36 20 0 0 0 42 0 0 1 0 12 49 20 0 0 32 0 12 20 0 0 0 8 6 0 43 0 29 28 0 12 0 0 23 36 52 0 50 0 36 47 4 72 0 5 0 4 7 28 0 4 0 0 0 0 0 0 0 24 9 26 0 7 
51 6 0 165 0 81 61 36 27 0 0 6 112 2 0 28 25 10 54 21 0 10 0 0 0 6 56 0 0 28 72 9 56 12 0 0 42 0 35 10 3 7 0 68 18 24 0 66 7 42 0 1 28 0 18 0 15 0 135 2 8 0 3 0 
24 87 0 0 45 0 81 0 0 20 50 48 5 42 1 0 132 16 8 48 5 35 12 0 49 0 18 0 48 20 54 8 37 24 7 81 0 0 91 0 0 18 0 36 6 48 0 0 0 0 0 0 18 28 44 7 0 0 0 28 0 54 6 0 
0 0 36 16 0 0 3 0 0 0 30 0 0 0 9 0 2 0 4 27 0 0 18 0 51 0 0 0 0 10 0 0 0 0 0 4 35 0 0 26 36 0 6 36 7 0 70 4 0 0 0 0 76 0 0 21 36 54 82 0 0 0 0 42 
28 36 0 0 0 40 39 3 0 0 36 0 49 48 18 12 10 72 14 0 0 82 0 4 3 0 35 0 9 28 0 54 0 42 57 8 47 0 29 0 32 6 36 61 14 0 0 0 37 36 14 45 35 56 0 0 2 0 0 70 0 0 0 0 
6 0 72 0 24 0 0 0 42 21 0 0 0 0 0 0 0 0 0 24 18 0 0 0 6 0 0 0 6 0 0 10 0 9 0 30 56 18 6 52 0 18 48 0 0 0 0 15 10 0 42 42 64 0 48 0 36 0 64 33 25 0 0 48 
