9 6 8 5 3 1 4 6 5 9 3 1 1 2 2 4
8 0 3 0 3 9 3 9 7 7 9 1 9 5 4 0
5 6 5 4 3 1 9 2 4 0 2 3 7 6 2 1
9 4 0 3 4 9 8 1 3 8 3 5 8 1 4 1
5 5 9 9 4 1 7 9 2 6 9 1 6 0 2 7
5 1 6 5 1 9 8 9 1 8 2 5 3 9 5 7
3 1 1 7 1 7 5 7 2 1 8 9 3 6 7 4
0 7 6 9 7 3 1 9 8 8 9 7 9 9 9 8
4 5 2 2 4 5 9 4 2 1 3 6 4 1 6 4
6 8 2 0 4 8 0 7 0 1 8 8 2 8 2 2
7 5 7 6 5 9 1 7 2 7 9 9 4 4 2 9
0 8 1 3 2 4 9 4 7 5 8 6 5 6 0 7
6 2 4 7 1 5 9 6 3 0 1 3 2 7 3 7
8 9 3 5 3 4 1 4 9 8 8 3 8 3 5 7
0 7 6 5 9 5 3 1 8 9 0 7 1 9 9 0
1 4 0 7 5 9 4 7 2 5 4 4 9 0 1 3
