5 8 6 6 6 5 7 0 2 4 4 8 4 0 7 6
8 3 4 1 7 6 1 9 9 0 3 5 7 2 2 1
8 7 3 1 7 7 7 8 0 4 9 5 3 6 8 4
2 5 9 8 0 2 3 4 0 1 9 2 8 3 8 8
3 3 2 2 3 8 5 6 8 5 4 0 7 7 5 1
9 3 6 9 4 7 3 2 1 3 8 0 9 7 5 5
1 5 5 6 5 1 0 6 8 9 4 9 7 4 1 5
2 7 9 8 1 4 4 8 5 3 8 4 1 2 4 0
8 4 9 2 1 7 3 3 4 6 5 1 4 0 5 2
5 0 1 1 1 3 0 5 5 8 0 2 8 4 6 1
2 2 6 8 9 8 1 8 2 3 2 5 0 8 6 2
0 5 7 0 9 7 0 2 2 0 2 8 6 3 5 2
8 2 2 6 9 0 9 0 4 1 5 7 2 6 9 5
5 4 1 0 2 1 8 1 7 0 6 3 6 0 5 4
6 2 6 3 1 0 7 6 4 0 0 9 6 0 3 8
1 4 5 9 3 7 6 5 6 0 0 7 6 8 5 6
